AS1.A1ModJulian           AS1.Hellas_Planitia_GS.X   AS1.Valles_Marineris_GS.X   AS1.Schiaparelli_Crater_GS.X   AS1.Mawrth_Vallis_GS.X    AS1.Arcadia_Planitia_GS.X   AS1.Hellas_Planitia_GS.Y   AS1.Hellas_Planitia_GS.Z   AS1.Valles_Marineris_GS.Y   AS1.Valles_Marineris_GS.Z   AS1.Schiaparelli_Crater_GS.Y   AS1.Schiaparelli_Crater_GS.Z   AS1.Mawrth_Vallis_GS.Y    AS1.Mawrth_Vallis_GS.Z    AS1.Arcadia_Planitia_GS.Y   AS1.Arcadia_Planitia_GS.Z   
21545.00000039794         5330.270280906393          2814.400297137153           940.6788143235054              -7711.700080793586        -7711.700080793586          18651.79538738076          -9135.472474316108         -16614.60316020512          -14581.39794752871          4707.646500994167              -23042.76142347333             -7641.14790892527         -20467.25100804538        -7641.14790892527           -20467.25100804538          
21545.00069484238         5331.349148216645          2814.038089403448           940.6829277303351              -7711.444563883726        -7711.444563883726          18651.12451632438          -9136.661328629405         -16615.59662573859          -14580.01619897942          4705.95484054356               -23043.16844345114             -7642.759492414981        -20466.64693269686        -7642.759492414981          -20466.64693269686          
21545.00265623659         5334.401232489931          2813.017816130692           940.695446158839               -7710.730305436514        -7710.730305436514          18649.24770984338          -9140.024455878061         -16618.41836457204          -14576.12453118391          4701.181688775441              -23044.33682324514             -7647.318338145447        -20464.95725634904        -7647.318338145447          -20464.95725634904          
21545.0066001969          5340.558912047401          2810.979031687358           940.7246394653715              -7709.327614388653        -7709.327614388653          18645.5552345084           -9146.809195061789         -16624.16154690192          -14568.3500027419           4691.607525879864              -23046.76964672714             -7656.514719811102        -20461.63414035986        -7656.514719811102          -20461.63414035986          
21545.01404749798         5352.250082843878          2807.179459750056           940.7943606482827              -7706.803615941466        -7706.803615941466          18638.88594096508          -9159.689175358682         -16635.24807134402          -14553.86866746128          4673.632352454361              -23051.66302208957             -7673.970770788006        -20455.63642753833        -7673.970770788006          -20455.63642753833          
21545.02224437489         5365.189757059518          2803.081373536967           940.8930261137364              -7704.219321021798        -7704.219321021798          18632.01759482442          -9173.941970493219         -16647.79261555046          -14538.26124560332          4654.042247240434              -23057.49136315324             -7693.284183610865        -20449.46674184327        -7693.284183610865          -20449.46674184327          
21545.03053332426         5378.318972941614          2799.036961563079           941.0159398266815              -7701.818980029517        -7701.818980029517          18625.59265140599          -9188.400723230787         -16660.81146521563          -14522.87085822514          4634.488149914218              -23063.84226139553             -7712.873305964778        -20443.70337592567        -7712.873305964778          -20443.70337592567          
21545.03883616529         5391.480974206535          2795.096771174733           941.1620969285727              -7699.635618956459        -7699.635618956459          18619.69856117199          -9202.892728613362         -16674.15490604979          -14507.89006107927          4615.209913898991              -23070.64851227008             -7732.504097501161        -20438.42495237449        -7732.504097501161          -20438.42495237449          
21545.04714456566         5404.62858663115           2791.275424644685           941.3310831507183              -7697.678000629034        -7697.678000629034          18614.35877622106          -9217.366015187337         -16687.77634502744          -14493.37445739274          4596.278027024471              -23077.88758284277             -7752.106154862022        -20433.65251926425        -7752.106154862022          -20433.65251926425          
21545.05546095964         5417.73163262267           2787.582086316136           941.5225987118529              -7695.951347339324        -7695.951347339324          18609.58736852531          -9231.787334902101         -16701.64547540453          -14479.35885599743          4577.737032138737              -23085.54430791195             -7771.634448223343        -20429.3986934141         -7771.634448223343          -20429.3986934141           
21545.06378375224         5430.753548621617          2784.027488746722           941.7362032222645              -7694.461273795596        -7694.461273795596          18605.39963200501          -9246.116418542984         -16715.72464271614          -14465.88399213712          4559.639852352824              -23093.59890463585             -7791.034446114614        -20425.6771568121         -7791.034446114614          -20425.6771568121           
21545.07211324922         5443.660874590703          2780.62117924955            941.97143874623                -7693.212383103871        -7693.212383103871          18601.80825000008          -9260.316421613126         -16729.97868755373          -14452.98606837534          4542.034139539208              -23102.03221458132             -7810.256262921238        -20422.49923198816        -7810.256262921238          -20422.49923198816          
21545.08045261405         5456.424741254074          2777.371272642006           942.2278867116356              -7692.208402739017        -7692.208402739017          18598.82357078038          -9274.355555581635         -16744.37695533627          -14440.69583336507          4524.960655828268              -23110.8272287001              -7829.25686366131         -20419.87414537002        -7829.25686366131           -20419.87414537002          
21545.08880339612         5469.013719446965          2774.286388901578           942.5050458004262              -7691.4529835669          -7691.4529835669            18596.45585353512          -9288.199223601136         -16758.88553884299          -14429.0459364471           4508.463177092455              -23119.96462323463             -7847.989414500467        -20417.81102099863        -7847.989414500467          -20417.81102099863          
21545.09716508182         5481.393539315034          2771.375574934629           942.8022979903899              -7690.949422555154        -7690.949422555154          18594.71460512377          -9301.809712069409         -16773.46657007748          -14418.07060172374          4492.588437710859              -23129.4219787508              -7866.402871922902        -20416.31827367301        -7866.402871922902          -20416.31827367301          
21545.10553974576         5493.534106626184          2768.646599790593           943.1190657153093              -7690.700270957033        -7690.700270957033          18593.60733152914          -9315.153906221614         -16788.08634464727          -14407.79919321155          4477.376978071314              -23139.17893012955             -7884.452422376567        -20415.40252384407        -7884.452422376567          -20415.40252384407          
21545.11392586865         5505.40043088578           2766.10804990171            943.4545855401911              -7690.707633595664        -7690.707633595664          18593.14063993701          -9328.193319249638         -16802.70454516512          -14398.26411466226          4462.874672910526              -23149.21009737716             -7902.085992868064        -20415.0695322322         -7902.085992868064          -20415.0695322322           
21545.12232535278         5516.962832672078          2763.767025767878           943.8081722403867              -7690.972943887665        -7690.972943887665          18593.31926819648          -9340.895312625449         -16817.28651231942          -14389.49214118068          4449.119918296012              -23159.49325744203             -7919.259427096737        -20415.32339348775        -7919.259427096737          -20415.32339348775          
21545.13073852879         5528.189968469043          2761.63067954192            944.1790325276452              -7691.497040189211        -7691.497040189211          18594.14656312576          -9353.225426700674         -16831.79475886817          -14381.51019183819          4436.152279374734              -23170.00361003316             -7935.926115323085        -20416.16691920698        -7935.926115323085          -20416.16691920698          
21545.13916524626         5539.050460209408          2759.705811801222           944.5662986749212              -7692.280066986487        -7692.280066986487          18595.62416629412          -9365.14917566745          -16846.19084536347          -14374.34381486797          4424.010348613271              -23180.71495558962             -7952.039421034528        -20417.60136295413        -7952.039421034528          -20417.60136295413          
21545.14760529453         5549.51363661831           2757.998695615353           944.9690461601331              -7693.321440293459        -7693.321440293459          18597.75190014275          -9376.632862199172         -16860.43624790931          -14368.01652244619          4412.730789681225              -23191.60025362265             -7967.553783723983        -20419.62632227988        -7967.553783723983          -20419.62632227988          
21545.15605811366         5559.549351285232          2756.515076329759           945.3862812033458              -7694.61976940428         -7694.61976940428           18600.52758453677          -9387.643377562777         -16874.49203156342          -14362.54978115792          4402.348447271754              -23202.63131531565             -7982.424450112721        -20422.23956997821        -7982.424450112721          -20422.23956997821          
21545.16452280034         5569.128139577748          2755.260113170272           945.8169397093297              -7696.172810442079        -7696.172810442079          18603.94691521389          -9398.14837565006          -16888.31898283411          -14357.96279100872          4392.896086151841              -23213.77884395861             -7996.607709776763        -20425.43694415119        -7996.607709776763          -20425.43694415119          
21545.1730006823          5578.224089536203          2754.238039541822           946.2600234161619              -7697.978004016777        -7697.978004016777          18608.00466474445          -9408.119420954123         -16901.88184788322          -14354.27125492808          4384.401662591553              -23225.01591771082             -8010.065143840862        -20429.21346716898        -8010.065143840862          -20429.21346716898          
21545.18149002572         5586.809144250408          2753.452844317186           946.7143316839629              -7700.0314199801          -7700.0314199801            18612.69232937656          -9417.525739732371         -16915.14093646198          -14351.48984606215          4376.8937583071                -23236.31110138584             -8022.75519149099         -20433.56115283236        -8022.75519149099           -20433.56115283236          
21545.18999059663         5594.858231738747          2752.907623188712           947.1786957627592              -7702.328639307176        -7702.328639307176          18618.00008008688          -9426.339847354719         -16928.05959212693          -14349.62984888181          4370.39658825695               -23247.63451374204             -8034.640745616538        -20438.47082761301        -8034.640745616538          -20438.47082761301          
21545.19849995137         5602.345802779142          2752.604832671721           947.6517838548989              -7704.863800310444        -7704.863800310444          18623.91456633292          -9434.533754925536         -16940.59868084599          -14348.70003078553          4364.932847772488              -23258.95302588314             -8045.684038095274        -20443.93009852881        -8045.684038095274          -20443.93009852881          
21545.2070202997          5609.25195604029           2752.546027756334           948.132484589305               -7707.631646330923        -7707.631646330923          18630.42368848577          -9442.08567356501          -16952.72681373617          -14348.70582730185          4360.51920342926               -23270.23946771446             -8055.855675190501        -20449.92775859607        -8055.855675190501          -20449.92775859607          
21545.21554809639         5615.553631022774          2752.73211890245            948.6193315679793              -7710.624346937974        -7710.624346937974          18637.50916065086          -9448.970377575126         -16964.40534106809          -14349.65004239211          4357.172435061582              -23281.45892824943             -8065.12165352696         -20456.44692734117        -8065.12165352696           -20456.44692734117          
21545.22408332954         5621.232551947102          2753.163158603735           949.11102634497                -7713.834399709544        -7713.834399709544          18645.15330451362          -9455.167895754694         -16975.60193295475          -14351.53228702144          4354.903946921548              -23292.5811810444              -8073.455070048364        -20463.47131632608        -8073.455070048364          -20463.47131632608          
21545.23262551577         5626.271716396783          2753.838495433283           949.606218449655               -7717.253467800972        -7717.253467800972          18653.33633838263          -9460.659669929491         -16986.28473343033          -14354.34946630249          4353.722366117264              -23303.57542756505             -8080.83094329431         -20470.98272578353        -8080.83094329431           -20470.98272578353          
21545.24117378194         5630.655936809954          2754.756628374913           950.103517501806               -7720.872309974874        -7720.872309974874          18662.03619247858          -9465.429145053111         -16996.42293679995          -14358.09521151379          4353.632787283721              -23314.4106208058              -8087.227016250746        -20478.96088189939        -8087.227016250746          -20478.96088189939          
21545.24972535755         5634.371075402013          2755.915052444861           950.6014037016321              -7724.680176616695        -7724.680176616695          18671.22704628117          -9469.460944252492         -17005.98505265756          -14362.75927060845          4354.636816757501              -23325.05362259543             -8092.622644835452        -20487.38209303841        -8092.622644835452          -20487.38209303841          
21545.25827961021         5637.40645427439           2757.310610921104           951.0984742571982              -7728.666487110183        -7728.666487110183          18680.88335661208          -9472.743487751202         -17014.94407204789          -14368.32895049483          4356.732079337028              -23335.47455065019             -8097.002318994846        -20496.22294870114        -8097.002318994846          -20496.22294870114          
21545.2668348758          5639.753157701953          2758.939206139659           951.5932626203939              -7732.819563640753        -7732.819563640753          18690.97681588073          -9475.26714699854          -17023.27371790275          -14374.78793419476          4359.91244576305               -23345.64284681008             -8100.353183543815        -20505.45752801375        -8100.353183543815          -20505.45752801375          
21545.27539035754         5641.404779459174          2760.796110999732           952.0843545411608              -7737.127549587964        -7737.127549587964          18701.47857530923          -9477.025053484014         -17030.95056845893          -14382.11752563117          4364.168456942363              -23355.52971882032             -8102.666118499013        -20515.05943561908        -8102.666118499013          -20515.05943561908          
21545.28394304127         5642.356866683785          2762.875317346658           952.5702175623846              -7741.576907350439        -7741.576907350439          18712.35558229032          -9478.012507288582         -17037.95140456538          -14390.29407815212          4369.485815951843              -23365.10470950493             -8103.934961746736        -20524.99845309874        -8103.934961746736          -20524.99845309874          
21545.29249343108         5642.607883803935          2765.170855438317           953.0495361722551              -7746.155386615057        -7746.155386615057          18723.57782737095          -9478.227994529436         -17044.25828535422          -14399.29418860981          4375.848537340393              -23374.34236391398             -8104.157842038486        -20535.24716427581        -8104.157842038486          -20535.24716427581          
21545.30103887189         5642.158235456565          2767.675276903386           953.520835606465               -7750.848667103431        -7750.848667103431          18735.1101422824           -9477.672161405706         -17049.85294682684          -14409.08873084821          4383.235245976775              -23383.21478375108             -8103.335839872764        -20545.77345763453        -8103.335839872764          -20545.77345763453          
21545.30957886727         5641.010684077364          2770.381028425647           953.9827885388204              -7755.643206469665        -7755.643206469665          18746.9191725737           -9476.348233769313         -17054.72104686761          -14419.64824623624          4391.622817868301              -23391.69759532224             -8101.473513320218        -20556.54689660025        -8101.473513320218          -20556.54689660025          
21545.31811259929         5639.170198092766          2773.279834057825           954.4340813623548              -7760.524967780318        -7760.524967780318          18758.9702654832           -9474.26186462228          -17058.8503119901           -14430.94051176988          4400.984715627683              -23399.76731465235             -8098.578712139443        -20567.53587734108        -8098.578712139443          -20567.53587734108          
21545.32663746144         5636.644378280944          2776.362201038512           954.8733436473321              -7765.478641571863        -7765.478641571863          18771.22553911635          -9471.421616080936         -17062.23004222083          -14442.92862866949          4411.28932898858               -23407.40017137591             -8094.663239478019        -20578.70586835629        -8094.663239478019          -20578.70586835629          
21545.33515329126         5633.442467988628          2779.618904105146           955.2993767903281              -7770.490121113227        -7770.490121113227          18783.64999836367          -9467.837837368043         -17064.85313596214          -14455.57679656342          4422.50479387207               -23414.57615424015             -8089.741298485763        -20590.0249874256         -8089.741298485763          -20590.0249874256           
21545.34365967284         5629.575637805878          2783.040176818373           955.711011650068               -7775.545046289426        -7775.545046289426          18796.20795014172          -9463.52299713436          -17066.71453244879          -14468.84715717779          4434.596522416407              -23421.27638051013             -8083.829963249723        -20601.46073060424        -8083.829963249723          -20601.46073060424          
21545.35215412846         5625.058049443014          2786.614950648156           956.1070313673881              -7780.627764836313        -7780.627764836313          18808.86041172552          -9458.492866254546         -17067.8111609325           -14482.69685044209          4447.524388671588              -23427.48194638208             -8076.950793948452        -20612.97761418174        -8076.950793948452          -20612.97761418174          
21545.36063772231         5619.904069522188          2790.333185489277           956.4864421064049              -7785.724707362946        -7785.724707362946          18821.57350703923          -9452.763409959924         -17068.14293211668          -14497.08704253876          4461.251055293848              -23433.17822959423             -8069.125584438254        -20624.54481972804        -8069.125584438254          -20624.54481972804          
21545.36910710289         5614.13245262584           2794.182576657724           956.8481082937578              -7790.819720213656        -7790.819720213656          18834.30684289448          -9446.35544785765          -17067.71177360156          -14511.97017635053          4475.730055731226              -23438.34921842952             -8060.382732911702        -20636.12561299888        -8060.382732911702          -20636.12561299888          
21545.37756633259         5607.758568975224          2798.153886569558           957.1912697777443              -7795.90121359023         -7795.90121359023           18847.03136133001          -9439.28602027841          -17066.52142528758          -14527.31059150058          4490.925711466731              -23442.9850415201              -8050.745458429218        -20647.69358319438        -8050.745458429218          -20647.69358319438          
21545.38601206687         5600.804559646978          2802.234207768577           957.514914058168               -7800.953261367995        -7800.953261367995          18859.70709759955          -9431.579659466246         -17064.57828299704          -14543.05847102626          4506.787754004775              -23447.07299864065             -8040.247179998176        -20659.21241541574        -8040.247179998176          -20659.21241541574          
21545.39444446599         5593.291551381838          2806.412041709546           957.8182393135476              -7805.962260706025        -7805.962260706025          18872.29982741467          -9423.259752926529         -17061.8905372506           -14559.16948304723          4523.270539200516              -23450.60411293351             -8028.919733348959        -20670.65102808619        -8028.919733348959          -20670.65102808619          
21545.40286393966         5585.241715063604          2810.675857483037           958.1005127845083              -7810.91497668376         -7810.91497668376           18884.77619011421          -9414.350828345137         -17058.46814650992          -14575.59919834491          4540.327685374667              -23453.57101608273             -8016.79649210046         -20681.97913712747        -8016.79649210046           -20681.97913712747          
21545.41126880462         5576.680571941188          2815.012918316006           958.360999583716               -7815.797217460108        -7815.797217460108          18897.10034469888          -9404.881104805725         -17054.32394077761          -14592.2985720945           4557.907323332231              -23455.96728352586             -8003.915837892506        -20693.1642206717         -8003.915837892506          -20693.1642206717           
21545.41966189884         5567.630170239278          2819.412737952741           958.5991695630901              -7820.597727198237        -7820.597727198237          18909.24379487786          -9394.8749463854           -17049.47032056618          -14609.22725537647          4575.966108443964              -23457.78934684858             -7990.310895123263        -20704.18043590421        -7990.310895123263          -20704.18043590421          
21545.42804153948         5558.118310775535          2823.86241877049            958.8144200119359              -7825.302943874109        -7825.302943874109          18921.17215793518          -9384.363064717141         -17043.92374811683          -14626.33564065567          4594.450307113928              -23459.03395043763             -7976.023409215069        -20714.99661149882        -7976.023409215069          -20714.99661149882          
21545.43640975158         5548.169589502393          2828.351019835779           959.0063124470071              -7829.901783500412        -7829.901783500412          18932.85725936981          -9373.372618418662         -17037.69998614427          -14643.58167809079          4613.313713293542              -23459.70001738958             -7961.090282855128        -20725.58721917867        -7961.090282855128          -20725.58721917867          
21545.4447666595          5537.811614809581          2832.866579902661           959.1744198028591              -7834.382423750905        -7834.382423750905          18944.26899583741          -9361.934082446764         -17030.8175394593           -14660.91941495237          4632.505366445328              -23459.78756095891             -7945.552916745424        -20735.92499419505        -7945.552916745424          -20735.92499419505          
21545.45311296835         5527.072029293858          2837.397500567581           959.3183902158862              -7838.733764479471        -7838.733764479471          18955.37903379154          -9350.077960144461         -17023.29590093745          -14678.30432187367          4651.975315725595              -23459.29804661841             -7929.452739030459        -20745.98428780969        -7929.452739030459          -20745.98428780969          
21545.46144920083         5515.979452788365          2841.932126526446           959.4379311489743              -7842.944998246614        -7842.944998246614          18966.15972112434          -9337.835822728592         -17015.1561504286           -14695.6916744744           4671.672844673876              -23458.23434341846             -7912.832618852992        -20755.74008179277        -7912.832618852992          -20755.74008179277          
21545.46977619519         5504.562708716297          2846.4590571067             959.5328159638616              -7847.00589782196         -7847.00589782196           18976.58482155006          -9325.239456989719         -17006.42037857508          -14713.03775136642          4691.547833780854              -23456.60063641883             -7895.735708488373        -20765.16865247263        -7895.735708488373          -20765.16865247263          
21545.47809578584         5492.849721145752          2850.967537948777           959.6028837887993              -7850.907120405695        -7850.907120405695          18986.63030511862          -9312.319649998111         -16997.11072741712          -14730.30133230839          4711.552551640571              -23454.40209495544             -7878.203794908736        -20774.24828348179        -7878.203794908736          -20774.24828348179          
21545.48640840323         5480.870867727604          2855.446150724906           959.6480160636127              -7854.639049904842        -7854.639049904842          18996.2713739017           -9299.109886704293         -16987.25200191148          -14747.43867577788          4731.635870592684              -23451.64542203971             -7860.282318755339        -20782.95657706604        -7860.282318755339          -20782.95657706604          
21545.49471520555         5468.655951007733          2859.884000862819           959.66815851974                -7858.192850753435        -7858.192850753435          19005.48516832492          -9285.643009845773         -16976.86932152585          -14764.40807189874          4751.748503380894              -23448.33837394568             -7842.015840471337        -20791.2729008317         -7842.015840471337          -20791.2729008317           
21545.50301699593         5456.235667399553          2864.27015128957            959.6633120070173              -7861.559978045919        -7861.559978045919          19014.24950531559          -9271.952840638527         -16965.98928690844          -14781.16767545972          4771.840492830135              -23444.49003440972             -7823.45023932537         -20799.17724701655        -7823.45023932537           -20799.17724701655          
21545.51131661442         5443.637977316019          2868.594877026656           959.6335258795904              -7864.733107263613        -7864.733107263613          19022.5453070552           -9258.070178018326         -16954.63672904388          -14797.68029549005          4791.86700533712               -23440.10958318414             -7804.627289022454        -20806.65242169016        -7804.627289022454          -20806.65242169016          
21545.5135420646          5440.233487995598          2869.742824842637           959.6213086625444              -7865.550053395167        -7865.550053395167          19024.68769905629          -9254.318938025983         -16951.51557408084          -14802.0612543179           4797.220030964435              -23438.84579527202             -7799.541752892987        -20808.58169975482        -7799.541752892987          -20808.58169975482          
