AS2.A1ModJulian	AS2.Hellas_Planitia_GS.X	AS2.Hellas_Planitia_GS.Y	AS2.Hellas_Planitia_GS.Z	AS2.Valles_Marineris_GS.X	AS2.Valles_Marineris_GS.Y	AS2.Valles_Marineris_GS.Z	AS2.Schiaparelli_Crater_GS.X	AS2.Schiaparelli_Crater_GS.Y	AS2.Schiaparelli_Crater_GS.Z	AS2.Mawrth_Vallis_GS.X	AS2.Mawrth_Vallis_GS.Y	AS2.Mawrth_Vallis_GS.Z	AS2.Arcadia_Planitia_GS.X	AS2.Arcadia_Planitia_GS.Y	AS2.Arcadia_Planitia_GS.Z
21545	1788.916778	-20439.17699	-5309.767187	-4523.716451	8785.708897	14680.48027	-713.4054513	-14172.87733	11541.5002	8371.331535	-2796.553572	15213.93909	8371.331535	-2796.553572	15213.93909
21545.00069	1789.975343	-20439.41643	-5310.892402	-4523.954807	8784.534654	14681.48443	-713.3581507	-14174.26537	11540.78247	8371.435801	-2798.100589	15214.13876	8371.435801	-2798.100589	15214.13876
21545.00266	1792.977057	-20440.07259	-5314.083078	-4524.625992	8781.192677	14684.3132	-713.2231213	-14178.18784	11538.72888	8371.722103	-2802.487142	15214.68413	8371.722103	-2802.487142	15214.68413
21545.0066	1799.06454	-20441.30165	-5320.55362	-4525.966196	8774.36063	14689.96678	-712.9452657	-14186.0825	11534.48236	8372.261056	-2811.382007	15215.69746	8372.261056	-2811.382007	15215.69746
21545.01405	1810.736635	-20443.29103	-5332.959626	-4528.460155	8761.063964	14700.50639	-712.3979962	-14201.00247	11526.04437	8373.143889	-2828.433084	15217.3055	8373.143889	-2828.433084	15217.3055
21545.02224	1823.826577	-20444.97518	-5346.871779	-4531.144255	8745.858791	14711.87869	-711.7626284	-14217.41131	11516.14098	8373.909746	-2847.549633	15218.6101	8373.909746	-2847.549633	15218.6101
21545.03053	1837.289863	-20446.13487	-5361.179823	-4533.78681	8729.912905	14723.10681	-711.0864991	-14233.9495	11505.4941	8374.462743	-2867.205355	15219.42978	8374.462743	-2867.205355	15219.42978
21545.03884	1850.969148	-20446.74521	-5375.716509	-4536.354586	8713.406593	14734.05024	-710.3770521	-14250.41705	11494.21903	8374.791775	-2887.170404	15219.7446	8374.791775	-2887.170404	15219.7446
21545.04714	1864.815995	-20446.80159	-5390.430343	-4538.837974	8696.396996	14744.66823	-709.6366924	-14266.75418	11482.35374	8374.894684	-2907.37405	15219.55122	8374.894684	-2907.37405	15219.55122
21545.05546	1878.798926	-20446.30211	-5405.287858	-4541.230952	8678.921844	14754.93518	-708.8670219	-14282.92271	11469.92377	8374.770521	-2927.770331	15218.84846	8374.770521	-2927.770331	15218.84846
21545.06378	1892.879296	-20445.24638	-5420.247972	-4543.526525	8661.028489	14764.82127	-708.0700857	-14298.87688	11456.96207	8374.418911	-2948.302848	15217.63663	8374.418911	-2948.302848	15217.63663
21545.07211	1907.021258	-20443.6355	-5435.272576	-4545.71851	8642.761656	14774.30002	-707.247839	-14314.57512	11443.50036	8373.840114	-2968.919295	15215.91737	8373.840114	-2968.919295	15215.91737
21545.08045	1921.193452	-20441.47122	-5450.328331	-4547.801654	8624.160877	14783.34891	-706.4020193	-14329.98155	11429.56703	8373.034674	-2989.573923	15213.69283	8373.034674	-2989.573923	15213.69283
21545.0888	1935.36165	-20438.75653	-5465.378852	-4549.770453	8605.269897	14791.94427	-705.5345698	-14345.05761	11415.19395	8372.003638	-3010.216809	15210.96634	8372.003638	-3010.216809	15210.96634
21545.09717	1949.487829	-20435.49648	-5480.383727	-4551.619144	8586.138218	14800.06119	-704.6477165	-14359.76152	11400.41789	8370.74886	-3030.792516	15207.74316	8370.74886	-3030.792516	15207.74316
21545.10554	1963.53813	-20431.69655	-5495.306966	-4553.3428	8566.810456	14807.67829	-703.7434792	-14374.05662	11385.2724	8369.272405	-3051.251689	15204.02888	8369.272405	-3051.251689	15204.02888
21545.11393	1977.472614	-20427.3652	-5510.106125	-4554.936026	8547.340319	14814.77201	-702.8243232	-14387.90091	11369.79867	8367.577528	-3071.53613	15199.83193	8367.577528	-3071.53613	15199.83193
21545.12233	1991.25715	-20422.51076	-5524.744933	-4556.394432	8527.774275	14821.32309	-701.892397	-14401.25909	11354.03275	8365.667451	-3091.596117	15195.1605	8365.667451	-3091.596117	15195.1605
21545.13074	2004.854921	-20417.14368	-5539.184267	-4557.713593	8508.163256	14827.312	-700.9500778	-14414.09401	11338.01476	8363.546264	-3111.378031	15190.02477	8363.546264	-3111.378031	15190.02477
21545.13917	2018.228558	-20411.27626	-5553.384423	-4558.889359	8488.559843	14832.72024	-699.9998449	-14426.36891	11321.78673	8361.218796	-3130.827468	15184.43661	8361.218796	-3130.827468	15184.43661
21545.14761	2031.340928	-20404.92237	-5567.30595	-4559.917954	8469.017186	14837.53082	-699.0442297	-14438.04828	11305.39178	8358.69053	-3149.890385	15178.40932	8358.69053	-3149.890385	15178.40932
21545.15606	2044.154772	-20398.09773	-5580.90927	-4560.795961	8449.589575	14841.72816	-698.0858435	-14449.09755	11288.87464	8355.967708	-3168.512578	15171.95791	8355.967708	-3168.512578	15171.95791
21545.16452	2056.632952	-20390.81995	-5594.154936	-4561.520376	8430.332163	14845.29831	-697.1273672	-14459.48338	11272.28144	8353.05734	-3186.640039	15165.09907	8353.05734	-3186.640039	15165.09907
21545.173	2068.742292	-20383.10615	-5607.007712	-4562.0888	8411.294961	14848.22995	-696.171251	-14469.17685	11255.65449	8349.966258	-3204.224537	15157.84902	8349.966258	-3204.224537	15157.84902
21545.18149	2080.445888	-20374.97758	-5619.428412	-4562.499024	8392.534785	14850.5123	-695.2203095	-14478.14706	11239.04267	8346.702968	-3221.21245	15150.22777	8346.702968	-3221.21245	15150.22777
21545.18999	2091.710026	-20366.45559	-5631.381238	-4562.749432	8374.104581	14852.13709	-694.2771924	-14486.36695	11222.49217	8343.276031	-3237.554807	15142.25541	8343.276031	-3237.554807	15142.25541
21545.1985	2102.499234	-20357.56521	-5642.828536	-4562.838849	8356.061415	14853.09771	-693.3447897	-14493.80955	11206.05365	8339.6955	-3253.200118	15133.95537	8339.6955	-3253.200118	15133.95537
21545.20702	2112.785204	-20348.32786	-5653.740258	-4562.766647	8338.451625	14853.3901	-692.4254672	-14500.45421	11189.76873	8335.970003	-3268.107307	15125.34771	8335.970003	-3268.107307	15125.34771
21545.21555	2122.533808	-20338.77235	-5664.08019	-4562.532674	8321.332646	14853.01177	-691.5221954	-14506.27778	11173.68994	8332.111145	-3282.226888	15116.45929	8332.111145	-3282.226888	15116.45929
21545.22408	2131.716829	-20328.92483	-5673.818392	-4562.137295	8304.753234	14851.96258	-690.6375256	-14511.26251	11157.86263	8328.129488	-3295.517969	15107.31448	8328.129488	-3295.517969	15107.31448
21545.23263	2140.307088	-20318.81295	-5682.926035	-4561.581366	8288.761654	14850.24441	-689.7740141	-14515.39277	11142.33243	8324.0362	-3307.941194	15097.93897	8324.0362	-3307.941194	15097.93897
21545.24117	2148.278483	-20308.46576	-5691.375439	-4560.866227	8273.405601	14847.86111	-688.9342147	-14518.655	11127.14518	8319.843037	-3319.458795	15088.35971	8319.843037	-3319.458795	15088.35971
21545.24973	2155.605413	-20297.91545	-5699.139467	-4559.993961	8258.733835	14844.81948	-688.1207839	-14521.03812	11112.34882	8315.563039	-3330.03377	15078.60653	8315.563039	-3330.03377	15078.60653
21545.25828	2162.266247	-20287.1924	-5706.195192	-4558.966983	8244.789261	14841.12787	-687.3360927	-14522.53463	11097.98642	8311.208527	-3339.634888	15068.70751	8311.208527	-3339.634888	15068.70751
21545.26683	2168.240657	-20276.32884	-5712.521087	-4557.788329	8231.614167	14836.79715	-686.5825173	-14523.13968	11084.10141	8306.792587	-3348.232849	15058.69242	8306.792587	-3348.232849	15058.69242
21545.27539	2173.511206	-20265.35636	-5718.098691	-4556.461415	8219.246941	14831.83985	-685.8622552	-14522.85143	11070.73422	8302.328054	-3355.802558	15048.59038	8302.328054	-3355.802558	15048.59038
21545.28394	2178.06156	-20254.3097	-5722.910725	-4554.990513	8207.726304	14826.27196	-685.1775722	-14521.67122	11057.92686	8297.829067	-3362.320566	15038.43337	8297.829067	-3362.320566	15038.43337
21545.29249	2181.879689	-20243.21927	-5726.944477	-4553.379765	8197.083356	14820.10917	-684.5303301	-14519.60288	11045.71417	8293.308007	-3367.769662	15028.24936	8293.308007	-3367.769662	15028.24936
21545.30104	2184.954475	-20232.11957	-5730.188214	-4551.634322	8187.350264	14813.37124	-683.9225072	-14516.65375	11034.13347	8288.778939	-3372.134007	15018.06999	8288.778939	-3372.134007	15018.06999
21545.30958	2187.278264	-20221.04219	-5732.633878	-4549.759354	8178.553369	14806.07817	-683.355781	-14512.83352	11023.21677	8284.254749	-3375.402788	15007.92424	8284.254749	-3375.402788	15007.92424
21545.31811	2188.845478	-20210.01892	-5734.275621	-4547.760443	8170.716568	14798.25174	-682.831725	-14508.15443	11012.99446	8279.748421	-3377.568223	14997.84118	8279.748421	-3377.568223	14997.84118
21545.32664	2189.652885	-20199.08344	-5735.110089	-4545.643987	8163.861891	14789.91706	-682.351865	-14502.63263	11003.49644	8275.273731	-3378.625974	14987.85162	8275.273731	-3378.625974	14987.85162
21545.33515	2189.700127	-20188.2658	-5735.136981	-4543.416139	8158.005872	14781.09844	-681.9174268	-14496.28549	10994.74719	8270.842977	-3378.575859	14977.98297	8270.842977	-3378.575859	14977.98297
21545.34366	2188.989006	-20177.59578	-5734.358287	-4541.083387	8153.162249	14771.82165	-681.5295106	-14489.13276	10986.76914	8266.468359	-3377.420844	14968.26238	8266.468359	-3377.420844	14968.26238
21545.35215	2187.52399	-20167.105	-5732.778833	-4538.653075	8149.342463	14762.11597	-681.1891478	-14481.19843	10979.58389	8262.162848	-3375.167802	14958.7186	8262.162848	-3375.167802	14958.7186
21545.36064	2185.31127	-20156.81989	-5730.405267	-4536.131778	8146.553051	14752.00777	-680.8970686	-14472.50542	10973.20738	8257.937295	-3371.826067	14949.37563	8257.937295	-3371.826067	14949.37563
21545.36911	2182.360435	-20146.7713	-5727.247859	-4533.527598	8144.798742	14741.52963	-680.6539989	-14463.08332	10967.6562	8253.804389	-3367.40998	14940.26147	8253.804389	-3367.40998	14940.26147
21545.37757	2178.680663	-20136.98032	-5723.316417	-4530.84654	8144.079538	14730.70581	-680.4602967	-14452.9554	10962.93942	8249.77281	-3361.93317	14931.39517	8249.77281	-3361.93317	14931.39517
21545.38601	2174.285689	-20127.4758	-5718.62561	-4528.097029	8144.393992	14719.57044	-680.316384	-14442.15492	10959.06846	8245.854451	-3355.416004	14922.80283	8245.854451	-3355.416004	14922.80283
21545.39444	2169.190055	-20118.28133	-5713.190951	-4525.286546	8145.736847	14708.15391	-680.2224302	-14430.71298	10956.04978	8242.059051	-3347.879966	14914.5057	8242.059051	-3347.879966	14914.5057
21545.40286	2163.40982	-20109.41918	-5707.029563	-4522.422567	8148.100268	14696.48671	-680.1784694	-14418.66167	10953.88751	8238.395816	-3339.348739	14906.52382	8238.395816	-3339.348739	14906.52382
21545.41127	2156.964297	-20100.91261	-5700.162028	-4519.513355	8151.472948	14684.60264	-680.1844	-14406.03749	10952.58373	8234.87438	-3329.850765	14898.87807	8234.87438	-3329.850765	14898.87807
21545.41966	2149.871014	-20092.77911	-5692.607014	-4516.565661	8155.842693	14672.5294	-680.2399859	-14392.87146	10952.13747	8231.502007	-3319.411815	14891.58409	8231.502007	-3319.411815	14891.58409
21545.42804	2142.152482	-20085.03955	-5684.388493	-4513.587823	8161.192982	14660.30126	-680.3448563	-14379.20242	10952.54615	8228.28737	-3308.064965	14884.66053	8228.28737	-3308.064965	14884.66053
21545.43641	2133.829503	-20077.71007	-5675.52861	-4510.586891	8167.506856	14647.9473	-680.4985431	-14365.06443	10953.80487	8225.237193	-3295.840751	14878.12173	8225.237193	-3295.840751	14878.12173
21545.44477	2124.925755	-20070.80745	-5666.052563	-4507.570567	8174.764179	14635.49935	-680.7004489	-14350.4953	10955.90677	8222.358492	-3282.773904	14871.9826	8222.358492	-3282.773904	14871.9826
21545.45311	2115.465666	-20064.34679	-5655.986344	-4504.546332	8182.94298	14622.98843	-680.9498674	-14335.53273	10958.843	8219.657588	-3268.900234	14866.25647	8219.657588	-3268.900234	14866.25647
21545.46145	2105.474976	-20058.34218	-5645.357334	-4501.521693	8192.019129	14610.44569	-681.24598	-14320.21536	10962.60274	8217.140398	-3254.25745	14860.95574	8217.140398	-3254.25745	14860.95574
21545.46978	2094.980154	-20052.80629	-5634.193685	-4498.503993	8201.966852	14597.90174	-681.5878722	-14304.58187	10967.17345	8214.81227	-3238.884311	14856.0915	8214.81227	-3238.884311	14856.0915
21545.4781	2084.007344	-20047.7501	-5622.523198	-4495.500166	8212.759858	14585.38551	-681.9745778	-14288.66952	10972.54146	8212.677849	-3222.81908	14851.6733	8212.677849	-3222.81908	14851.6733
21545.48641	2072.585334	-20043.18442	-5610.376481	-4492.517581	8224.36852	14572.92784	-682.4049809	-14272.51861	10978.69073	8210.741736	-3206.103873	14847.7105	8210.741736	-3206.103873	14847.7105
21545.49472	2060.742843	-20039.1185	-5597.784063	-4489.563272	8236.762462	14560.55822	-682.8779063	-14256.16843	10985.60399	8209.007891	-3188.78069	14844.21101	8209.007891	-3188.78069	14844.21101
21545.50302	2048.509916	-20035.5607	-5584.777881	-4486.644325	8249.909193	14548.30643	-683.3920705	-14239.6593	10993.26215	8207.479915	-3170.893453	14841.18194	8207.479915	-3170.893453	14841.18194
21545.51132	2035.91425	-20032.51755	-5571.387368	-4483.767026	8263.778143	14536.19896	-683.9462426	-14223.02768	11001.64664	8206.160653	-3152.482637	14838.62876	8206.160653	-3152.482637	14838.62876
21545.51354	2032.478791	-20031.78985	-5567.735335	-4483.003393	8267.615722	14532.9804	-684.1014766	-14218.55198	11004.01586	8205.842731	-3147.462226	14838.0257	8205.842731	-3147.462226	14838.0257