MSC.A1ModJulian	D2.Hellas_Planitia_GS.X	D2.Hellas_Planitia_GS.Y	D2.Hellas_Planitia_GS.Z	D2.Valles_Marineris_GS.X	D2.Valles_Marineris_GS.Y	D2.Valles_Marineris_GS.Z	D2.Schiaparelli_Crater_GS.X	D2.Schiaparelli_Crater_GS.Y	D2.Schiaparelli_Crater_GS.Z	D2.Mawrth_Vallis_GS.X	D2.Mawrth_Vallis_GS.Y	D2.Mawrth_Vallis_GS.Z	D2.Arcadia_Planitia_GS.X	D2.Arcadia_Planitia_GS.Y	D2.Arcadia_Planitia_GS.Z
30988.50043	7686.616713	-2423.21763	-4040.61422	3805.207209	-3486.164565	2806.198912	5252.326081	-6012.495241	-4545.345882	5688.349913	-5699.8487	-3369.410783	3533.90702	6172.348433	-7177.40495
30988.50112	7652.443395	-2508.616701	-4122.438723	3704.647113	-3471.367731	2875.659599	5169.518678	-6092.677591	-4502.104799	5649.777936	-5737.512535	-3258.732399	3432.799958	6240.536939	-7160.55989
30988.50243	7583.509888	-2666.743593	-4277.611224	3512.156246	-3442.998216	3002.059299	5009.524355	-6240.215683	-4421.676103	5572.30707	-5806.100085	-3051.058473	3240.763881	6365.742569	-7124.780813
30988.50474	7447.174087	-2937.26583	-4554.720986	3162.58738	-3391.130968	3211.03525	4714.304073	-6489.433748	-4282.770046	5420.261695	-5919.48751	-2686.936175	2896.603597	6576.327643	-7048.838879
30988.50865	7175.810513	-3366.432573	-5027.700888	2548.513476	-3297.960136	3520.493982	4182.578461	-6874.386343	-4057.799729	5121.589731	-6086.462002	-2083.241843	2304.206855	6898.597318	-6885.313267
30988.51278	6832.89631	-3781.966066	-5531.270278	1869.554149	-3190.07539	3787.356265	3577.428505	-7230.20001	-3831.90035	4750.595803	-6227.177727	-1461.628654	1663.781098	7191.456124	-6666.386486
30988.51695	6432.594127	-4157.149315	-6033.686406	1163.969637	-3070.290178	3990.403731	2931.412647	-7530.052504	-3617.009058	4325.482259	-6327.698808	-859.4656694	1010.85063	7431.601567	-6402.875111
30988.52112	5979.546148	-4487.758676	-6525.013507	443.0171951	-2937.381022	4126.492211	2254.719947	-7768.107358	-3413.602528	3853.786949	-6383.844212	-284.7408922	353.8855642	7613.539983	-6100.794566
30988.52529	5477.570978	-4772.535399	-6997.906071	-285.1219509	-2789.663424	4195.027791	1555.102301	-7941.3623	-3220.672217	3342.106265	-6392.802997	258.2202927	-301.841123	7734.20225	-5765.880608
30988.52946	4930.418964	-5011.305073	-7445.853856	-1013.161803	-2625.348313	4196.448914	839.6692289	-8047.912868	-3036.699397	2796.917253	-6352.341225	766.3298164	-952.0364017	7791.475437	-5403.928424
30988.53363	4342.169048	-5204.451248	-7862.643243	-1733.949808	-2442.718663	4131.889923	115.5609394	-8086.53991	-2859.973797	2224.960823	-6260.671079	1236.988108	-1592.62588	7783.87516	-5020.98697
30988.5378	3717.338896	-5352.826726	-8242.320807	-2440.35253	-2240.217668	4003.159212	-609.9414412	-8056.695958	-2688.688397	1633.301365	-6116.498063	1667.959431	-2219.608357	7710.553748	-4623.369066
30988.54197	3061.142446	-5457.710858	-8579.161586	-3125.062409	-2016.599551	3812.834511	-1329.199579	-7958.602338	-2521.05324	1029.500612	-5919.172189	2057.245088	-2828.839728	7571.421708	-4217.739204
30988.54614	2378.715575	-5520.920908	-8868.167596	-3781.479438	-1770.734892	3564.05012	-2035.132641	-7793.185943	-2355.154636	420.8372093	-5668.529175	2403.559051	-3416.767721	7367.046402	-3810.556409
30988.55031	1675.640257	-5544.624626	-9104.783017	-4403.131082	-1501.835198	3260.560724	-2720.628417	-7562.087043	-2189.165282	-185.2437814	-5365.035528	2705.918216	-3979.871482	7098.710779	-3408.345303
30988.55448	957.6917898	-5531.327193	-9285.0639	-4983.955223	-1209.42021	2906.63303	-3378.844596	-7267.61359	-2021.341365	-781.4102833	-5009.741349	2963.754537	-4514.86973	6768.365036	-3017.47885
30988.55865	231.0570389	-5483.824676	-9405.670867	-5518.149064	-893.463395	2507.122302	-4003.037972	-6912.828999	-1850.136476	-1360.312316	-4604.422737	3176.803475	-5018.535334	6378.738535	-2644.232631
30988.56283	-498.2384948	-5405.122043	-9464.019201	-6000.622695	-554.2007846	2067.132887	-4587.09105	-6501.278685	-1674.128096	-1915.090939	-4151.302148	3345.2464	-5488.075545	5933.051556	-2294.424517
30988.56701	-1224.021106	-5298.367647	-9458.193367	-6426.728189	-192.2905578	1592.11085	-5125.220397	-6037.070367	-1492.143801	-2439.145663	-3653.19524	3469.532342	-5920.851331	5435.123787	-1973.54464
30988.57119	-1940.041502	-5166.800777	-9386.98528	-6792.32299	191.1766805	1087.770728	-5612.054426	-5524.825973	-1303.29479	-2926.228203	-3113.489162	3550.362956	-6314.401788	4889.333741	-1686.670272
30988.57538	-2639.834385	-5013.743157	-9249.965116	-7093.734077	594.5490678	560.1787326	-6042.573981	-4969.795504	-1107.067038	-3370.396418	-2536.289799	3588.6609	-6666.357401	4300.750129	-1438.46105
30988.57956	-3316.788559	-4842.573616	-9047.594675	-7327.882002	1015.569845	15.71935354	-6412.238657	-4377.870816	-903.3688464	-3766.141939	-1926.457142	3585.599225	-6974.498993	3675.154222	-1233.038846
30988.58375	-3965.347036	-4656.358804	-8780.820889	-7492.646481	1452.117916	-539.9340948	-6717.608222	-3754.469102	-692.2005787	-4109.089134	-1288.488522	3542.522917	-7237.248114	3017.872173	-1073.616408
30988.58795	-4579.294447	-4458.239801	-8451.567132	-7586.248923	1901.130577	-1100.48455	-6955.392052	-3105.990703	-474.1977878	-4395.000156	-628.0457884	3460.908685	-7452.851186	2335.32506	-963.0028708
30988.59214	-5153.088714	-4251.049828	-8062.291555	-7607.670804	2359.434219	-1660.128987	-7123.145907	-2438.601991	-250.2469632	-4620.545068	49.27673394	3342.30551	-7619.94445	1633.750598	-903.2020796
30988.59635	-5681.200616	-4037.486774	-7616.29699	-7556.51125	2823.266922	-2212.998261	-7218.985467	-1758.882733	-21.73214741	-4782.983431	737.2746862	3188.373356	-7737.284032	919.8912353	-895.5375564
30988.60055	-6158.556891	-3819.949799	-7117.492992	-7433.050148	3288.591755	-2753.578442	-7241.756941	-1073.345827	209.6061016	-4880.378827	1429.610761	3000.805576	-7803.887675	200.493096	-940.5603033
30988.60476	-6580.494248	-3600.532812	-6570.388465	-7238.212588	3751.071498	-3276.69327	-7190.99737	-388.4542706	441.6520735	-4911.566315	2119.788956	2781.306804	-7818.996495	-517.6730439	-1038.066355
30988.60898	-6942.758377	-3381.024684	-5980.113231	-6973.584558	4206.054838	-3777.498758	-7066.94807	289.3653808	671.9046778	-4876.165079	2801.138062	2531.598738	-7782.079599	-1227.796559	-1187.082149
30988.6132	-7241.559279	-3162.904859	-5352.432141	-6641.457185	4648.59696	-4251.513174	-6870.605375	953.747571	897.4875649	-4774.625901	3466.838918	2253.436997	-7692.873099	-1923.053646	-1385.83217
30988.61743	-7473.737207	-2947.257878	-4693.49179	-6244.721512	5073.665473	-4694.830399	-6603.675636	1598.679201	1115.258785	-4608.219384	4110.223819	1948.515144	-7551.377471	-2596.915045	-1631.804524
30988.62166	-7636.718927	-2734.824706	-4009.914159	-5786.922421	5476.084961	-5104.034284	-6268.605874	2218.389873	1321.792582	-4379.043938	4724.677599	1618.52357	-7357.884141	-3243.035251	-1921.732587
30988.62589	-7728.592447	-2526.006516	-3308.752257	-5272.272519	5850.60928	-5476.244985	-5868.610973	2807.416877	1513.430416	-4090.046449	5303.720891	1265.163824	-7113.019539	-3855.327211	-2251.601767
30988.63013	-7748.184235	-2320.828888	-2597.268179	-4705.525452	6192.083952	-5809.237629	-5407.584457	3360.800133	1686.383633	-3744.950447	5841.225823	890.0791818	-6817.72163	-4428.173815	-2616.755439
30988.63438	-7695.062086	-2118.968733	-1882.874383	-4091.938902	6495.498628	-6101.434583	-4890.063069	3874.102633	1836.783552	-3348.210424	6331.460809	494.8640596	-6473.246033	-4956.458257	-3011.951708
30988.63862	-7569.83479	-1920.139066	-1174.329584	-3438.442701	6755.625052	-6351.490182	-4322.25346	4342.638991	1960.544508	-2905.797205	6768.412562	81.83312417	-6081.921322	-5434.791716	-3430.655561
30988.64286	-7374.025089	-1723.459365	-479.2376259	-2751.543182	6968.154494	-6559.282052	-3710.267645	4763.259307	2053.974083	-2423.816556	7147.541723	-347.27398	-5646.036163	-5859.368414	-3866.449011
30988.64709	-7109.921607	-1527.782952	195.0860374	-2037.951866	7129.252393	-6725.376038	-3060.593982	5133.56139	2113.579543	-1908.814802	7465.043184	-790.8033769	-5168.164649	-6227.159527	-4312.678574
30988.65132	-6780.559658	-1331.778779	841.582407	-1304.614372	7235.571543	-6850.942128	-2380.106893	5451.81302	2136.111881	-1367.752291	7717.808851	-1247.109592	-4651.215788	-6535.84681	-4762.490225
30988.65554	-6389.672145	-1133.974993	1453.554706	-558.6089329	7284.312856	-6937.71568	-1675.96204	5716.961972	2118.632209	-807.8869817	7903.471526	-1714.55979	-4098.403344	-6783.845544	-5208.947962
30988.65976	-5941.649964	-932.8179948	2024.719756	192.9049382	7273.266233	-6987.93919	-955.5350244	5928.609866	2058.56881	-236.691826	8020.41518	-2191.506121	-3513.245801	-6970.290616	-5645.120418
30988.66397	-5441.524269	-726.7406545	2549.23854	942.7065736	7200.855972	-7004.303692	-226.3905771	6086.98027	1953.779854	338.2040912	8067.7847	-2676.237334	-2899.592733	-7095.018493	-6064.150732
30988.66818	-4894.86498	-514.197352	3021.833078	1683.658422	7066.17384	-6989.891472	503.8693175	6192.91162	1802.59895	909.1702951	8045.502439	-3167.009914	-2261.549686	-7158.56853	-6459.396343
30988.67238	-4307.767003	-293.7394768	3437.785363	2408.698348	6869.01108	-6948.106734	1227.612178	6247.804454	1603.890466	1468.614469	7954.257364	-3661.983211	-1603.519804	-7162.143223	-6824.479771
30988.67658	-3686.703958	-64.03868597	3793.038505	3111.00236	6609.849764	-6882.600689	1937.350695	6253.587433	1357.061884	2009.152422	7795.479764	-4159.270804	-930.0932856	-7107.575878	-7153.426094
30988.68077	-3038.540853	176.0304024	4084.16503	3783.935825	6289.894849	-6797.203761	2625.709166	6212.656671	1062.120332	2523.613902	7571.325801	-4656.852574	-246.1196587	-6997.283823	-7440.68725
30988.68496	-2370.435087	427.3519604	4308.421497	4421.148549	5911.071851	-6695.853462	3285.532423	6127.831251	719.6926444	3005.158279	7284.650021	-5152.585176	443.3485242	-6834.228153	-7681.239273
30988.68915	-1689.718898	690.5399137	4463.779762	5016.665686	5475.994479	-6582.514853	3909.993717	6002.290181	331.0203501	3447.384281	6938.948215	-5644.220249	1133.125562	-6621.849966	-7870.664098
30988.69333	-1003.824756	965.8981526	4548.924385	5564.924117	4987.941677	-6461.107706	4492.647612	5839.506474	-102.0367403	3844.394457	6538.304472	-6129.390375	1817.917153	-6364.006223	-8005.198932
30988.69752	-320.2300488	1253.377886	4563.249516	6060.795845	4450.846935	-6335.441489	5027.46792	5643.189811	-576.9878285	4190.847652	6087.350941	-6605.586372	2492.329436	-6064.91607	-8081.780148
30988.70169	353.6521079	1552.561558	4506.859712	6499.653359	3869.244898	-6209.144245	5508.929763	5417.217684	-1090.737702	4482.038897	5591.194125	-7070.17642	3150.934486	-5729.087055	-8098.092752
30988.70587	1010.493596	1862.613644	4380.570977	6877.373259	3248.286582	-6085.611546	5932.023963	5165.595607	-1639.554164	4713.934101	5055.401121	-7520.367881	3788.251798	-5361.283108	-8052.60889
30988.71004	1643.296901	2182.343022	4185.868558	7190.470284	2593.539068	-5967.917557	6292.416479	4892.334355	-2219.227737	4883.281892	4485.802441	-7953.328155	4398.95161	-4966.368746	-7944.607427
30988.71422	2245.458843	2510.206087	3924.832413	7436.081441	1910.901186	-5858.767459	6586.447468	4601.37274	-2825.132168	4987.608463	3888.394069	-8366.186807	4977.883622	-4549.220691	-7774.142511
30988.71839	2810.457158	2844.09055	3600.298556	7611.848045	1206.99907	-5760.522525	6810.99324	4296.717236	-3451.860478	5025.197845	3269.666669	-8755.786086	5519.751003	-4114.943709	-7542.178289
30988.72256	3332.556102	3181.670102	3215.549695	7716.194842	488.3999583	-5675.04732	6963.807378	3982.081538	-4093.912785	4995.224112	2635.902722	-9119.136856	6019.768001	-3668.36756	-7250.404932
30988.72673	3806.364718	3520.130939	2774.536664	7748.165666	-237.8507896	-5603.769314	7043.323459	3661.098276	-4745.211315	4897.707021	1993.636435	-9453.093846	6473.220169	-3214.359808	-6901.405033
30988.73089	4227.303103	3856.461709	2281.529351	7707.51014	-964.8686366	-5547.59192	7048.787491	3337.027974	-5399.667047	4733.486581	1349.083635	-9754.668142	6875.901807	-2757.418681	-6498.396316
30988.73506	4591.361772	4187.296049	1741.284951	7594.62834	-1685.603281	-5506.930392	6980.181432	3012.897581	-6050.886506	4504.23199	708.4271804	-10020.85553	7223.88207	-2301.872044	-6045.360903
30988.73923	4895.249243	4509.017013	1158.92317	7410.590047	-2393.056546	-5481.691532	6838.256198	2691.407352	-6692.367977	4212.419495	77.62613296	-10248.74306	7513.648546	-1851.744022	-5546.946046
30988.7434	5136.440961	4817.821161	539.8309017	7157.106445	-3080.403863	-5471.279353	6624.508247	2374.885421	-7317.61542	3861.279375	-537.6868363	-10435.55646	7742.161837	-1410.686444	-5008.375185
30988.74757	5313.147116	5109.682998	-110.2118393	6836.59781	-3740.878753	-5474.610492	6341.236817	2065.359031	-7920.039417	3454.867435	-1132.091487	-10578.65226	7906.839253	-982.0690688	-4435.546714
30988.75174	5424.431539	5380.510808	-785.2595451	6452.127801	-4368.065585	-5490.12891	5991.48969	1764.44658	-8493.232207	2997.938644	-1700.626364	-10675.63424	8005.68847	-568.8157163	-3834.820629
30988.75591	5470.200989	5626.141425	-1479.076076	6007.490155	-4955.813155	-5515.834516	5579.137228	1473.434532	-9030.901302	2496.01998	-2238.689716	-10724.37955	8037.326503	-173.4928579	-3213.105668
30988.76008	5451.25014	5842.554746	-2185.579353	5506.945148	-5498.651026	-5549.338012	5108.622047	1193.116033	-9527.265831	1955.0757	-2742.394449	-10723.12679	8001.04944	201.9304462	-2577.431176
30988.76425	5369.17317	6025.857208	-2898.751583	4955.228856	-5991.674432	-5587.913966	4584.950904	923.8827752	-9976.969108	1381.511031	-3208.442347	-10670.45822	7896.781118	555.9739868	-1934.988697
30988.76842	5226.331934	6172.324907	-3612.63907	4357.542292	-6430.54911	-5628.553072	4013.672531	665.7680187	-10375.10168	782.1333486	-3634.101922	-10565.3294	7725.08009	887.6091081	-1293.094116
30988.77259	5025.816917	6278.473056	-4321.431578	3719.48143	-6811.575384	-5668.022511	3400.798745	418.462	-10717.27996	164.0482503	-4017.239494	-10407.09877	7487.140284	1196.259715	-659.0752109
30988.77676	4771.432594	6341.107048	-5019.422008	3047.068982	-7131.682254	-5702.924275	2752.82191	181.3739906	-10999.66328	-465.346111	-4356.279178	-10195.58075	7184.824931	1481.745499	-40.26317451
30988.78093	4467.859814	6357.409222	-5700.669536	2347.127601	-7388.358456	-5729.752953	2077.061981	-46.20587986	-11218.92638	-1098.076944	-4650.065046	-9931.266643	6820.919116	1744.121544	555.7668221
30988.7851	4120.014937	6325.053221	-6360.388631	1625.855735	-7580.206854	-5745.028446	1380.275317	-265.510742	-11372.76388	-1726.934846	-4898.444508	-9614.852936	6398.427299	1984.166965	1122.468784
30988.78927	3733.59202	6242.177707	-6993.488916	890.2619961	-7706.336819	-5745.3033	670.0217769	-477.7446546	-11459.38759	-2344.193519	-5101.564896	-9247.782329	5921.283472	2202.751654	1653.092467
30988.79344	3314.379136	6107.37277	-7595.775501	146.830464	-7766.708541	-5727.254586	-46.63952173	-684.4270446	-11477.82441	-2942.806414	-5260.290463	-8831.693708	5393.577598	2401.22321	2141.760552
30988.7976	2868.827317	5919.851368	-8162.896474	-597.295308	-7761.899335	-5687.750094	-762.0234161	-886.9797366	-11427.77255	-3515.443367	-5375.814493	-8369.040472	4820.320334	2580.984311	2582.633497
30988.80177	2403.427371	5679.335393	-8691.196527	-1335.36824	-7693.214038	-5623.901307	-1468.853299	-1086.958425	-11309.67924	-4055.39007	-5449.863832	-7862.562196	4206.726944	2743.724852	2970.660118
30988.80595	1924.865594	5386.132302	-9177.348334	-2060.64679	-7562.587124	-5533.123342	-2159.898607	-1285.874377	-11124.6878	-4556.246509	-5484.533306	-7315.502912	3558.465949	2891.240176	3301.310866
30988.81012	1439.952222	5041.173787	-9618.371832	-2766.446177	-7372.574452	-5413.200484	-2828.039847	-1485.143812	-10874.65169	-5012.002552	-5482.250926	-6731.619104	2881.63072	3025.383969	3570.640769
30988.81429	955.4932637	4646.007306	-10011.69216	-3446.263718	-7126.31118	-5262.334902	-3466.403451	-1686.056991	-10562.10775	-5417.155928	-5445.733472	-6115.116768	2182.630476	3148.030957	3775.370562
30988.81847	478.0759065	4202.669156	-10355.2256	-4094.003471	-6827.373869	-5079.138377	-4068.584629	-1889.786493	-10190.13545	-5766.856557	-5377.905052	-5470.446275	1467.934302	3261.052519	3912.945179
30988.82265	14.35286304	3714.006741	-10647.10298	-4703.524201	-6479.945259	-4862.804691	-4628.239154	-2097.188865	-9762.591894	-6056.677449	-5281.884128	-4802.75903	744.5533643	3366.177542	3981.437303
30988.82683	-429.363547	3183.412076	-10885.9318	-5269.144828	-6088.60087	-4613.050745	-5139.571378	-2308.894835	-9283.870581	-6282.938758	-5160.902784	-4117.468222	19.51502276	3465.023797	3979.711491
30988.83101	-847.3000536	2614.577468	-11070.79787	-5785.819603	-5658.064979	-4330.022091	-5597.494193	-2525.345735	-8758.632636	-6442.740833	-5018.175349	-3419.964551	-700.4411315	3559.074219	3907.34541
30988.8352	-1233.837102	2012.033164	-11201.01961	-6248.602283	-5193.568089	-4014.581035	-5997.156862	-2746.541584	-8192.266695	-6533.775523	-4856.97465	-2716.291864	-1408.172563	3649.534346	3764.651971
30988.83939	-1583.961698	1380.642619	-11276.33661	-6653.174157	-4700.43309	-3668.093838	-6334.429125	-2972.202706	-7590.404266	-6554.537858	-4680.467649	-2012.496361	-2096.835677	3737.381256	3552.661545
30988.84359	-1893.286421	725.5036531	-11296.81789	-6995.806948	-4183.954477	-3292.379927	-6605.858991	-3201.76335	-6958.790405	-6504.241044	-4491.636128	-1314.555663	-2759.943865	3823.330032	3273.003416
30988.84779	-2157.891168	52.28254604	-11262.80199	-7273.150498	-3649.631433	-2889.913962	-6808.501455	-3434.225644	-6303.583014	-6382.811062	-4293.33707	-628.7483614	-3391.017162	3907.757069	2928.013587
30988.85199	-2374.437308	-632.810808	-11174.96351	-7482.359144	-3103.130245	-2463.851847	-6940.049024	-3668.151064	-5631.322002	-6190.993867	-4088.274151	38.42185367	-3983.694555	3990.683798	2520.806763
30988.8562	-2540.362744	-1323.447936	-11034.2871	-7621.280912	-2549.928156	-2017.792503	-6998.977799	-3901.789222	-4948.503317	-5930.294614	-3878.850256	680.6665716	-4532.150886	4071.809599	2055.065414
30988.86041	-2653.849483	-2013.181149	-10842.01406	-7688.396865	-1995.299213	-1555.772752	-6984.48792	-4133.063608	-4261.566444	-5602.923089	-3667.150281	1291.887539	-5031.060999	4150.495809	1534.991145
30988.86463	-2713.807539	-2695.308181	-10599.67659	-7682.809129	-1444.417398	-1082.362032	-6896.508748	-4359.520743	-3577.025328	-5211.859882	-3454.975908	1866.057645	-5475.505298	4225.744086	965.4064992
30988.86885	-2719.93436	-3363.114422	-10309.05108	-7604.292399	-902.1635509	-602.5060231	-6735.722217	-4578.41303	-2901.229679	-4760.767435	-3243.77328	2397.447291	-5861.163609	4296.225895	351.5939197
30988.87307	-2672.711653	-4009.891566	-9972.159582	-7453.296881	-373.1180628	-121.5093864	-6503.562114	-4786.712367	-2240.35177	-4253.981163	-3034.636391	2880.640807	-6184.325908	4360.292975	-300.7158818
30988.87731	-2573.413642	-4628.996029	-9591.277165	-7230.97097	138.4706852	355.0092266	-6202.227377	-4981.14448	-1600.339757	-3696.495521	-2828.307432	3310.594254	-6441.939289	4416.000724	-985.3718822
30988.88154	-2424.101765	-5213.964975	-9168.912244	-6939.166901	628.7578003	821.2106437	-5834.669644	-5158.24871	-986.8169489	-3093.900565	-2625.167052	3682.734197	-6631.677917	4461.145111	-1695.890051
30988.88578	-2227.603153	-5758.604168	-8707.795174	-6580.436748	1094.343821	1271.116014	-5404.572947	-5314.434926	-405.0135421	-2452.324407	-2425.241421	3993.028062	-6751.984611	4493.303834	-2425.523263
30988.89003	-1987.476441	-6257.074463	-8210.865504	-6158.01923	1532.309497	1698.692998	-4916.322926	-5446.045795	140.2965223	-1778.366952	-2228.216905	4238.048996	-6802.102349	4509.883901	-3167.335829
30988.89427	-1708.351935	-6703.428792	-7681.966745	-5676.48105	1939.731685	2097.446953	-4375.701822	-5549.308495	644.2233139	-1079.949007	-2033.714719	4414.847889	-6782.165266	4508.19009	-3913.309165
30988.89851	-1395.431883	-7092.779432	-7124.885313	-5140.919601	2314.619332	2461.432925	-3788.925447	-5620.72862	1102.966436	-364.901792	-1840.935788	4521.601651	-6693.408187	4485.560969	-4655.914515
30988.90275	-1054.320316	-7421.158214	-6543.309882	-4556.797562	2655.766079	2785.223055	-3162.483044	-5657.076802	1513.659063	359.1143241	-1648.745132	4557.422363	-6537.943787	4439.39091	-5388.11589
30988.90697	-690.9773849	-7685.345066	-5940.947981	-3929.967253	2962.559799	3063.815972	-2503.173011	-5655.381522	1874.158776	1084.497286	-1455.786845	4522.218731	-6318.642884	4367.167578	-6103.198781
30988.9112	-311.7043795	-7882.809812	-5321.646012	-3266.73992	3234.868444	3292.623261	-1818.168298	-5612.974052	2182.939309	1803.614787	-1260.581824	4416.671168	-6039.11342	4266.538365	-6794.655438
30988.91542	76.96183207	-8011.765833	-4689.352316	-2573.80308	3473.031277	3467.561528	-1114.914773	-5527.556111	2439.1124	2508.919648	-1061.572835	4242.238167	-5703.654225	4135.372826	-7456.281562
30988.91964	468.333176	-8071.193746	-4048.123189	-1858.177317	3677.819562	3585.118007	-401.0726052	-5397.263644	2642.41324	3193.012061	-857.1864475	4001.153587	-5317.213596	3971.828692	-8082.216826
30988.92385	855.7319905	-8060.858299	-3402.004714	-1127.029847	3850.426232	3642.424726	315.6823899	-5220.695363	2793.210007	3848.827744	-645.856192	3696.360118	-4885.259667	3774.379737	-8667.095839
30988.92805	1232.517843	-7981.286262	-2755.132173	-387.7282741	3992.377111	3637.276325	1027.614409	-4996.973275	2892.429972	4469.584918	-426.1135351	3331.507999	-4413.770582	3541.890287	-9205.974371
30988.93225	1592.219958	-7833.758046	-2111.652828	352.3019306	4105.49837	3568.17691	1727.078391	-4725.764559	2941.540275	5048.917153	-196.6210424	2910.885591	-3909.117974	3273.642253	-9694.425585
30988.93645	1928.610848	-7620.285523	-1475.740308	1085.617031	4191.853539	3434.36424	2406.566823	-4407.317328	2942.496433	5580.904394	43.76727613	2439.380434	-3378.004054	2969.381589	-10128.54255
30988.94064	2235.803913	-7343.576066	-851.559973	1804.849362	4253.689726	3235.824742	3058.807322	-4042.472363	2897.693795	6060.144781	295.965454	1922.407007	-2827.36097	2629.341158	-10504.97513
30988.94483	2508.323402	-7007.002508	-243.2760389	2502.751732	4293.377006	2973.307735	3676.81175	-3632.687923	2809.914441	6481.784507	560.6031202	1365.859773	-2264.283412	2254.276861	-10820.93148
30988.94902	2741.190276	-6614.553925	344.9814616	3172.28596	4313.353252	2648.323697	4253.964441	-3180.038158	2682.271497	6841.575382	837.9919062	776.0328952	-1695.927571	1845.478933	-11074.2014
30988.9532	2930.009637	-6170.736923	909.1908672	3806.753607	4316.066956	2263.093926	4784.14056	-2687.158771	2518.132143	7135.938676	1128.121474	159.4831237	-1129.365727	1404.736599	-11263.17866
30988.95738	3070.984552	-5680.614083	1445.326091	4399.711589	4303.920138	1820.613881	5261.640858	-2157.344113	2321.09104	7361.919993	1430.566962	-476.9086376	-571.6295741	934.4379366	-11386.8106
30988.96156	3161.014293	-5149.70283	1949.461198	4945.133066	4279.222487	1324.600014	5681.338247	-1594.479342	2094.901584	7517.278228	1744.500002	-1126.088261	-29.54836001	437.5198656	-11444.64403
30988.96573	3197.753057	-4583.658753	2417.99361	5437.677426	4244.125772	779.213427	6038.880953	-1002.753344	1843.303069	7600.533388	2068.81567	-1781.196024	490.5594024	-82.77308632	-11436.80725
30988.96991	3179.576656	-3988.653419	2847.25119	5872.29554	4200.602659	189.4366614	6330.394522	-387.0963707	1570.154521	7610.855287	2401.863128	-2435.10477	982.5134405	-622.4931049	-11363.95585
30988.97408	3105.672506	-3370.994166	3233.822061	6244.612712	4150.395078	-439.2611487	6552.781066	247.1905731	1279.248845	7548.172411	2741.630202	-3080.88415	1440.670257	-1177.308135	-11227.30144
30988.97825	2976.028977	-2737.063367	3574.540331	6550.923727	4094.978862	-1100.976531	6703.704189	894.4689875	974.2611275	7413.130972	3085.74071	-3711.848817	1859.953293	-1742.523423	-11028.56026
30988.98242	2791.435134	-2093.276531	3866.482767	6788.198774	4035.539315	-1789.405363	6781.588227	1548.785788	658.7134064	7207.075457	3431.452594	-4321.595635	2235.88025	-2313.096348	-10769.92495
30988.98659	2553.494887	-1446.053486	4106.982888	6954.108809	3972.956355	-2497.861975	6785.63927	2203.890924	335.9528319	6932.054979	3775.658919	-4904.038147	2564.595799	-2883.648726	-10454.06167
30988.99075	2264.500683	-801.4750451	4293.748721	7047.106098	3907.765281	-3219.652887	6715.840779	2853.579123	8.975909723	6590.671215	4115.063326	-5453.712839	2843.043533	-3448.762933	-10083.93563
30988.99492	1927.643131	-165.7762642	4424.710684	7066.338934	3840.20757	-3947.528591	6572.992293	3491.193588	-319.3213481	6186.326252	4445.921374	-5965.352447	3068.742656	-4002.550433	-9663.083763
30988.99909	1546.687821	455.3837696	4498.252222	7011.773984	3770.166412	-4674.503141	6358.646041	4110.370985	-646.5065094	5722.850502	4764.436168	-6434.515158	3240.110911	-4539.302161	-9195.210279
30989.00326	1126.028563	1056.680564	4513.109052	6884.10395	3697.203532	-5393.606438	6075.07146	4704.810024	-970.4825225	5204.574728	5066.645976	-6857.353455	3356.31459	-5053.290365	-8684.284059
30989.00743	670.9203616	1632.836425	4468.435537	6684.883831	3620.621491	-6097.539183	5725.463035	5268.013144	-1289.310015	4636.644887	5348.312044	-7230.441509	3417.252572	-5538.552299	-8134.84599
30989.0116	187.1541103	2179.132286	4363.911725	6416.513918	3539.441254	-6779.288066	5313.785653	5793.830466	-1601.451101	4024.661519	5605.222882	-7551.170927	3423.700705	-5989.37078	-7551.65194
30989.01417	-122.7185191	2499.268718	4269.700783	6217.932638	3486.570837	-7185.679845	5031.016508	6096.897302	-1790.067606	3627.949802	5749.494748	-7722.020351	3401.184985	-6247.808931	-7177.370164