MSC.A1ModJulian	D3.Hellas_Planitia_GS.X	D3.Hellas_Planitia_GS.Y	D3.Hellas_Planitia_GS.Z	D3.Valles_Marineris_GS.X	D3.Valles_Marineris_GS.Y	D3.Valles_Marineris_GS.Z	D3.Schiaparelli_Crater_GS.X	D3.Schiaparelli_Crater_GS.Y	D3.Schiaparelli_Crater_GS.Z	D3.Mawrth_Vallis_GS.X	D3.Mawrth_Vallis_GS.Y	D3.Mawrth_Vallis_GS.Z	D3.Arcadia_Planitia_GS.X	D3.Arcadia_Planitia_GS.Y	D3.Arcadia_Planitia_GS.Z
30988.50043	6483.388839	-4734.611389	-2430.57644	3796.056908	-558.342506	3706.36242	5316.767462	-5764.531006	-1492.989231	6837.43471	-3722.75114	-1331.468329	1519.254202	5276.126949	-9303.547267
30988.50112	6459.887255	-4791.674209	-2557.245861	3674.121069	-592.6470482	3768.075318	5213.590923	-5860.390803	-1497.363394	6766.44252	-3800.312963	-1237.671181	1433.98706	5369.631478	-9241.579135
30988.50243	6411.491366	-4893.796849	-2797.562349	3441.669599	-658.8452764	3878.108578	5015.215593	-6036.544014	-1509.216017	6626.695745	-3944.818692	-1064.142673	1273.70615	5542.184878	-9118.865793
30988.50474	6312.705282	-5057.025624	-3226.999859	3022.567503	-780.4414413	4052.426405	4652.209655	-6333.2059	-1541.423372	6360.855605	-4194.509201	-767.8276912	991.7142851	5835.11462	-8883.299129
30988.50865	6107.558691	-5281.789278	-3960.591956	2295.036344	-996.3703817	4286.593641	4006.800003	-6788.103104	-1626.72345	5860.248774	-4595.824221	-299.7462408	521.1294525	6291.082394	-8434.518009
30988.51278	5837.364734	-5450.116126	-4742.204683	1502.299057	-1235.100244	4450.400855	3283.044747	-7202.470801	-1756.086884	5263.224407	-4987.68843	149.9886857	31.78367827	6716.114461	-7894.01305
30988.51695	5511.188679	-5547.131689	-5522.431776	690.3383443	-1479.226288	4525.762855	2520.826449	-7543.224289	-1921.82005	4600.438622	-5339.850309	551.5533372	-448.1215611	7076.656393	-7290.475452
30988.52112	5131.582179	-5572.887671	-6285.795179	-127.5863409	-1720.599269	4510.714812	1732.241198	-7802.623456	-2117.609536	3883.239445	-5642.68124	899.9882914	-913.1342758	7363.918422	-6635.699267
30988.52529	4700.738434	-5529.832767	-7020.980373	-942.0723552	-1952.154492	4405.967316	926.2851685	-7976.613838	-2337.016813	3121.131688	-5889.38806	1193.765143	-1360.668447	7572.651848	-5939.911333
30988.52946	4221.025145	-5421.527995	-7718.11722	-1744.926334	-2167.223798	4213.547904	111.0931839	-8062.749153	-2573.442874	2323.295331	-6074.366829	1432.709802	-1789.113451	7699.135392	-5213.074805
30988.53363	3695.3148	-5252.373459	-8367.942275	-2528.270165	-2359.352902	3936.571236	-705.2514055	-8059.714696	-2820.079305	1499.214368	-6192.809625	1617.42335	-2197.218517	7740.707509	-4465.425663
30988.5378	3127.098336	-5027.551843	-8961.737767	-3284.41251	-2522.359069	3579.240104	-1514.588902	-7967.32009	-3069.966978	658.767292	-6240.736394	1749.17893	-2583.960664	7695.773212	-3707.521173
30988.54197	2520.744833	-4753.085193	-9491.271706	-4005.653383	-2650.412256	3147.01714	-2308.450671	-7786.639659	-3316.017336	-187.5392012	-6215.127867	1829.87731	-2948.387566	7563.948115	-2950.409634
30988.54614	1880.804709	-4435.444102	-9949.567207	-4685.218845	-2738.322332	2646.101386	-3079.074259	-7519.855501	-3551.430782	-1029.673759	-6114.013447	1862.114741	-3290.023916	7345.984508	-2204.601038
30988.55031	1212.49143	-4081.631595	-10330.44404	-5316.632013	-2781.486049	2083.653706	-3818.742719	-7170.299428	-3769.59175	-1857.439677	-5936.462565	1848.986244	-3608.482274	7043.796581	-1480.612213
30988.55448	521.4508592	-3698.980439	-10628.7694	-5894.004492	-2776.01912	1467.562697	-4520.115255	-6742.355415	-3964.264516	-2660.86791	-5682.610245	1794.040162	-3903.547125	6660.403759	-788.5835461
30988.55865	-186.0282811	-3295.171387	-10840.42151	-6411.881452	-2718.844401	806.5637506	-5176.045628	-6241.564137	-4129.638462	-3430.046634	-5353.77345	1701.22015	-4175.031681	6200.044374	-138.3909025
30988.56283	-903.5743619	-2877.82009	-10962.51853	-6865.678678	-2607.734884	109.6527665	-5780.138089	-5674.207762	-4260.562906	-4155.806632	-4952.23501	1574.723226	-4422.944324	5667.814813	460.9697426
30988.56701	-1624.447551	-2454.540132	-10993.25918	-7251.397386	-2441.344536	-613.7450459	-6326.430334	-5047.409099	-4352.526393	-4829.406091	-4481.320932	1418.926032	-4647.293993	5069.765158	1001.129812
30988.57119	-2341.621378	-2032.815799	-10931.96075	-7565.677689	-2219.253505	-1353.9144	-6809.474999	-4369.034292	-4401.747145	-5442.660915	-3945.371754	1238.304307	-4848.070273	4412.82272	1474.482457
30988.57538	-3047.653935	-1620.000906	-10779.12734	-7805.769521	-1942.084734	-2100.767495	-7224.287543	-3647.803106	-4405.252827	-5987.901764	-3349.880042	1037.41081	-5025.169088	3704.91739	1874.185115
30988.57956	-3734.77084	-1223.192071	-10536.58152	-7969.657741	-1611.606074	-2843.96321	-7566.490398	-2893.246635	-4361.013671	-6458.163333	-2701.529539	820.8212284	-5178.396532	2954.967419	2194.359686
30988.58375	-4396.111042	-848.4486252	-10206.93932	-8056.282485	-1230.110876	-3574.322751	-7832.874994	-2114.252885	-4267.871444	-6848.008866	-2006.95647	592.6629449	-5307.685308	2171.437923	2430.650675
30988.58795	-5024.014915	-501.7336375	-9794.166692	-8065.08501	-801.2373316	-4282.02735	-8020.515913	-1320.890272	-4125.665781	-7152.348356	-1274.329322	357.0982212	-5412.66938	1364.158027	2579.423373
30988.59214	-5611.40413	-188.0836002	-9303.014942	-7996.2715	-329.274809	-4958.154968	-8127.405869	-522.8266723	-3935.136238	-7367.348489	-511.9896418	117.8376254	-5492.95054	542.7492758	2638.373153
30988.59635	-6151.137774	88.06079839	-8739.37364	-7850.74584	180.4266382	-5593.990143	-8152.216048	269.9133489	-3698.055311	-7490.086961	270.8486036	-121.6601858	-5547.957174	-282.6038162	2606.338858
30988.60055	-6636.497427	323.1403881	-8109.938736	-7630.10295	721.7860338	-6181.588156	-8094.431842	1047.579688	-3417.12693	-7518.786855	1064.674709	-358.3902761	-5577.010193	-1101.793351	2483.419647
30988.60476	-7061.173021	514.4715653	-7422.16865	-7336.588061	1288.013763	-6713.772184	-7954.313558	1800.711449	-3095.966397	-7452.777458	1859.703804	-589.8123319	-5579.306664	-1904.806354	2270.935493
30988.60898	-7419.296797	660.2622001	-6684.276617	-6973.108838	1871.627215	-7184.166054	-7732.916322	2520.16948	-2739.097224	-7292.518677	2645.905685	-813.8568085	-5553.930924	-2681.757428	1971.443755
30988.6132	-7705.538953	759.6514803	-5905.210374	-6543.271497	2464.496726	-7587.282184	-7432.147152	3197.224351	-2351.938833	-7039.668532	3413.085039	-1028.93738	-5499.889528	-3422.977908	1588.783674
30988.61743	-7915.309504	812.7683128	-5094.298591	-6051.22786	3058.148716	-7918.753716	-7054.682082	3823.910908	-1940.61526	-6697.021838	4151.278618	-1234.03854	-5416.127933	-4119.402323	1127.936595
30988.62166	-8044.753118	820.6933463	-4261.331101	-5501.740458	3643.733456	-8175.283249	-6604.016497	4392.955485	-1511.963778	-6268.541047	4850.692461	-1428.660692	-5301.571757	-4762.495974	595.0569332
30988.62589	-8090.865592	785.4623696	-3416.463364	-4900.182349	4212.149105	-8354.728414	-6084.489814	4897.898333	-1073.450583	-5759.375873	5501.85116	-1612.813481	-5155.182849	-5344.392838	-2.551135124
30988.63013	-8051.598823	710.0330671	-2569.908595	-4252.377055	4754.310297	-8456.197508	-5501.163289	5333.313877	-632.9623263	-5175.728142	6095.894813	-1787.037185	-4975.981235	-5858.154161	-656.6325669
30988.63438	-7925.891869	598.2175267	-1731.835335	-3564.554463	5261.26561	-8480.033091	-4859.778626	5694.84856	-198.6926751	-4524.781054	6624.674671	-1952.359578	-4763.087819	-6297.829316	-1358.083843
30988.63862	-7714.16403	454.8909799	-913.7028461	-2844.623045	5723.541029	-8427.9549	-4167.999077	5978.823256	220.2481018	-3815.944143	7080.109659	-2109.970338	-4516.247198	-6657.949464	-2095.71189
30988.64286	-7417.97803	285.5175224	-125.2829937	-2099.809931	6133.045697	-8303.140115	-3433.215901	6183.532767	615.4785121	-3058.581749	7456.139312	-2261.704588	-4235.199749	-6935.127173	-2858.734974
30988.64709	-7039.96191	96.07987896	624.310224	-1337.403496	6482.427516	-8109.900438	-2663.169304	6308.551667	978.8946848	-2262.572353	7747.914335	-2409.722078	-3919.921145	-7127.288055	-3636.132168
30988.65132	-6583.804677	-107.0288966	1326.596099	-564.7914101	6765.113629	-7853.585841	-1865.965513	6354.653403	1302.744637	-1438.276457	7951.774594	-2556.403085	-3570.69835	-7233.607855	-4416.69452
30988.65554	-6054.198875	-317.1447475	1973.855658	210.6435088	6975.43191	-7540.46794	-1049.954454	6323.772619	1579.779366	-596.361167	8065.303089	-2704.274102	-3188.152888	-7254.506805	-5189.221617
30988.65976	-5456.794433	-527.4611322	2559.192733	981.5717857	7108.691397	-7177.623564	-223.6598233	6218.940143	1803.367997	252.3213714	8087.338234	-2855.921528	-2773.280811	-7191.610119	-5942.660206
30988.66397	-4798.176647	-731.1492359	3076.570713	1740.734088	7161.257026	-6772.832681	604.257016	6044.221698	1967.603735	1096.820902	8017.984755	-3013.898878	-2327.509726	-7047.710478	-6666.212028
30988.66818	-4085.729691	-921.5122491	3520.930027	2481.083315	7130.627094	-6334.405067	1425.171044	5804.62158	2067.433011	1926.316509	7858.605791	-3180.660163	-1852.679639	-6826.699881	-7349.560144
30988.67238	-3327.613408	-1092.095392	3888.179656	3195.770086	7015.473821	-5871.076092	2230.501226	5505.999938	2098.731727	2730.172022	7611.799869	-3358.464407	-1351.103098	-6533.505126	-7982.939182
30988.67658	-2532.564535	-1236.83349	4175.277697	3878.297178	6815.658692	-5391.797681	3011.907366	5154.924412	2058.389045	3498.179269	7281.323681	-3549.324224	-825.5069085	-6173.958864	-8557.353878
30988.68077	-1709.901208	-1350.140207	4380.18461	4522.463126	6532.254026	-4905.657546	3761.252535	4758.592206	1944.359198	4220.562671	6872.059979	-3754.91033	-279.1067329	-5754.734989	-9064.599771
30988.68496	-869.3793852	-1427.027481	4501.891502	5122.44857	6167.542438	-4421.711184	4470.725095	4324.697628	1755.718438	4888.141619	6389.939721	-3976.494534	284.4191717	-5283.230233	-9497.408014
30988.68915	-21.025511	-1463.207531	4540.41332	5672.894497	5724.971596	-3948.807861	5132.9562	3861.276115	1492.682914	5492.479707	5841.822487	-4214.906354	860.9761653	-4767.414458	-9849.563295
30988.69333	824.97728	-1455.171239	4496.748604	6168.926733	5209.106248	-3495.457142	5741.075929	3376.571744	1156.611523	6025.967773	5235.388929	-4470.48557	1446.070024	-4215.701296	-10115.96464
30988.69752	1658.381339	-1400.258532	4372.840392	6606.169457	4625.589039	-3069.713742	6288.75422	2878.921996	750.0107441	6481.889949	4579.048818	-4743.035756	2034.814348	-3636.836214	-10292.67432
30988.70169	2469.034664	-1296.717354	4171.52829	6980.796772	3981.050802	-2679.033582	6770.28758	2376.606763	276.5013129	6854.524857	3881.796552	-5031.806693	2621.99097	-3039.741017	-10376.97789
30988.70587	3246.935403	-1143.761915	3896.516714	7289.530768	3283.090974	-2330.19022	7180.616974	1877.765279	-259.1695338	7139.186124	3153.150288	-5335.449373	3202.041035	-2433.435147	-10367.41725
30988.71004	3982.554112	-941.5681246	3552.247166	7529.746949	2540.011506	-2029.07923	7515.486463	1390.146559	-851.3089978	7332.35589	2402.839401	-5652.084417	3769.262283	-1826.751515	-10263.81337
30988.71422	4666.928216	-691.2489527	3143.772976	7699.44365	1760.671983	-1780.660831	7771.432869	920.9979913	-1493.39141	7431.659755	1640.648639	-5979.319424	4317.861577	-1228.203632	-10067.19697
30988.71839	5291.342015	-395.0290316	2676.967661	7797.163987	954.8956853	-1589.032723	7945.675293	477.2609906	-2177.703538	7435.854803	876.7866978	-6314.04823	4841.663683	-646.2538961	-9779.948126
30988.72256	5848.159253	-55.96144877	2158.010399	7822.184656	132.5220643	-1457.106624	8036.414101	64.97724841	-2896.116711	7344.948219	120.9458735	-6652.824769	5334.760052	-88.56502676	-9405.557959
30988.72673	6330.359455	321.8657838	1593.684148	7774.409522	-696.0322175	-1386.751037	8042.67015	-310.4025415	-3639.612135	7160.158467	-617.1662154	-6991.613585	5791.117363	437.5949539	-8948.799543
30988.73089	6732.063118	733.6496735	990.8759706	7654.385558	-1520.55533	-1378.664724	7964.363676	-644.4135059	-4398.963354	6883.823144	-1328.547017	-7326.106705	6205.040253	925.8855222	-8415.367575
30988.73506	7048.30061	1173.74805	356.7775006	7463.284592	-2330.717077	-1432.441727	7802.267465	-933.4045562	-5164.458353	6519.420646	-2004.59614	-7651.59404	6570.974263	1370.665543	-7812.013089
30988.73923	7275.191696	1635.824801	-301.3061877	7202.900771	-3116.368082	-1546.553044	7558.021824	-1174.664206	-5926.171211	6071.511287	-2637.376188	-7963.098848	6883.683361	1767.174574	-7146.383885
30988.7434	7410.005799	2112.974124	-976.0906459	6875.612443	-3867.724065	-1718.387037	7234.096551	-1366.459631	-6674.146689	5545.643028	-3219.750921	-8255.472971	7138.343789	2111.610217	-6426.875346
30988.74757	7451.17854	2597.686773	-1660.204791	6484.466483	-4575.29077	-1944.236338	6833.872613	-1508.002121	-7398.329147	4948.443084	-3745.318066	-8523.400412	7330.558485	2401.079966	-5662.732372
30988.75174	7398.420698	3082.104679	-2346.471979	6033.086333	-5230.237194	-2219.387011	6361.549095	-1599.522918	-8088.938435	4287.411119	-4208.687233	-8761.586278	7456.537728	2633.754948	-4863.73404
30988.75591	7252.758951	3558.021862	-3027.80859	5525.774117	-5824.356623	-2538.119668	5822.240584	-1642.234918	-8736.438322	3571.009094	-4605.433118	-8964.797817	7513.152461	2808.826741	-4040.278682
30988.76008	7016.477819	4017.293196	-3697.686063	4967.209638	-6350.539069	-2893.974297	5221.645395	-1638.333145	-9332.059809	2808.167253	-4932.391399	-9128.093158	7498.059187	2926.616692	-3202.786902
30988.76425	6693.038765	4451.84818	-4350.029737	4362.479115	-6802.669704	-3279.826612	4566.051756	-1590.882358	-9867.735576	2008.287438	-5187.529409	-9246.83659	7409.677065	2988.452137	-2361.735118
30988.76842	6287.043995	4853.783893	-4979.219654	3717.071075	-7175.658572	-3687.983185	3862.313622	-1503.742793	-10336.16205	1181.180265	-5369.921273	-9316.771943	7247.225245	2996.606948	-1527.584696
30988.77259	5804.163463	5215.510814	-5580.162081	3036.806792	-7465.521416	-4110.324055	3117.75434	-1381.486408	-10730.92352	336.9120553	-5479.749466	-9334.113565	7010.753293	2954.24537	-710.615733
30988.77676	5251.127421	5529.83659	-6148.253364	2327.880096	-7669.398035	-4538.383079	2340.188033	-1229.32192	-11046.54018	-514.2120717	-5518.272437	-9295.630249	6701.201224	2865.359312	79.1019695
30988.78093	4636.044785	5789.979932	-6679.129678	1597.247512	-7785.587154	-4963.244214	1538.324242	-1053.112803	-11278.47913	-1361.286054	-5487.856954	-9198.824076	6320.690901	2734.792458	831.4284008
30988.7851	3967.113551	5990.230291	-7169.745861	851.1456485	-7813.830235	-5376.533191	720.1136196	-858.9201084	-11423.71692	-2194.604553	-5391.888157	-9041.840924	5871.813602	2567.897438	1537.777227
30988.78927	3253.782697	6125.438514	-7617.193783	96.60262033	-7754.971667	-5769.639158	-105.6204477	-653.2399997	-11480.2037	-3003.944252	-5234.695929	-8823.685776	5358.379532	2370.66962	2189.558215
30988.79344	2505.455216	6191.45998	-8019.572542	-659.9361355	-7610.992835	-6134.578502	-930.7128331	-442.5468233	-11447.15134	-3780.151699	-5021.308826	-8543.990473	4784.603973	2149.346941	2779.523806
30988.7976	1732.560871	6184.994284	-8375.211078	-1411.385459	-7385.059064	-6463.461593	-1746.344511	-233.5151142	-11324.93451	-4513.878867	-4757.613366	-8203.409515	4155.933508	1910.618973	3300.74223
30988.80177	945.4409803	6103.786724	-8683.222995	-2151.092945	-7081.332683	-6749.130723	-2544.238719	-32.61817126	-11115.10366	-5196.754405	-4450.002147	-7803.309443	3478.271288	1661.225379	3747.508927
30988.80595	154.6536911	5946.597859	-8943.210791	-2872.431719	-6704.948388	-6985.03699	-3316.237952	153.8619053	-10820.33444	-5820.983691	-4105.364303	-7345.915645	2758.240259	1407.959204	4115.011434
30988.81012	-629.1464621	5713.266337	-9155.247575	-3568.848824	-6261.966698	-7165.359795	-4054.380136	319.9481422	-10444.42573	-6379.443566	-3730.989715	-6834.337584	2003.145957	1157.554413	4399.39834
30988.81429	-1395.417748	5404.727433	-9319.870016	-4233.986501	-5759.259747	-7285.134916	-4751.050674	460.0984466	-9992.234911	-6865.825017	-3334.421614	-6272.523279	1220.844792	916.5437018	4597.860457
30988.81847	-2134.062815	5022.90112	-9438.05784	-4861.89634	-5204.248552	-7340.343945	-5399.222745	569.3333468	-9469.456819	-7274.795453	-2923.217433	-5665.060907	419.4420862	691.0838824	4708.665704
30988.82265	-2834.986681	4570.956932	-9511.085722	-5446.597696	-4605.206774	-7327.927827	-5992.017149	643.237943	-8882.929929	-7601.720805	-2505.137734	-5017.596571	-392.1852679	487.0241468	4731.061003
30988.82683	-3488.73927	4053.095971	-9540.587626	-5982.571445	-3970.815436	-7245.936644	-6523.236445	678.1471407	-8240.25568	-7843.044262	-2087.759185	-4336.420441	-1204.999627	309.6380367	4665.412168
30988.83101	-4086.791788	3474.260448	-9528.458453	-6464.917617	-3309.787677	-7093.460526	-6987.519407	671.1838107	-7549.417538	-7996.289979	-1678.21744	-3628.143798	-2010.167987	163.5028828	4513.054289
30988.8352	-4620.978478	2840.638708	-9476.783761	-6888.850821	-2631.416318	-6870.760863	-7379.855342	620.2927884	-6819.359444	-8059.85478	-1283.529855	-2900.350263	-2798.314686	52.59564568	4276.35497
30988.83939	-5084.164673	2159.135771	-9387.808423	-7250.201593	-1944.887363	-6579.19967	-7696.086503	524.3128158	-6059.300227	-8033.216414	-910.1238386	-2160.91625	-3560.33746	-19.92954719	3958.60396
30988.84359	-5470.250553	1437.207071	-9263.830587	-7545.372825	-1259.122875	-6221.12863	-7932.847588	382.9432151	-5278.54887	-7916.801781	-563.7580391	-1417.887163	-4287.496941	-51.7478563	3563.83752
30988.84779	-5773.970414	683.1823717	-9107.210716	-7771.155028	-583.0755669	-5800.045243	-8087.408187	196.8198538	-4486.843179	-7711.991867	-249.6622169	-679.8319488	-4971.060062	-41.36366743	3096.973071
30988.85199	-5991.08488	-93.7838374	-8920.37826	-7924.861355	74.40380027	-5320.653133	-8157.823689	-32.41278393	-3694.242647	-7421.233631	27.58789813	44.26305207	-5602.46922	11.79449208	2563.851853
30988.8562	-6118.621664	-884.2341197	-8705.71023	-8004.493058	705.0598306	-4788.589785	-8143.056683	-302.2059006	-2910.563342	-7047.910562	264.3183088	745.5106842	-6173.833519	107.3533681	1970.917638
30988.86041	-6154.821228	-1678.463414	-8465.489875	-8008.685787	1301.256683	-4210.36134	-8042.911022	-609.1443572	-2145.333945	-6596.258015	457.7496644	1415.145426	-6677.918322	244.0233124	1325.134209
30988.86463	-6099.144151	-2466.41212	-8201.944159	-7936.720526	1855.901642	-3593.425837	-7858.057898	-948.9016898	-1407.896678	-6071.435372	605.9757628	2044.438412	-7108.087166	419.5757291	634.0802609
30988.86885	-5952.323288	-3237.993865	-7917.167924	-7788.566115	2362.698052	-2945.969331	-7590.037838	-1316.360187	-707.0887463	-5479.378951	708.0515454	2624.991585	-7458.541335	630.8920027	-94.28747947
30988.87307	-5716.360574	-3983.168316	-7613.125074	-7564.893074	2816.181875	-2276.84437	-7241.261878	-1705.656348	-51.18536181	-4826.770685	763.989371	3148.803413	-7724.367085	873.9956641	-851.679519
30988.87731	-5394.535972	-4692.060004	-7291.650828	-7267.10526	3211.789264	-1595.477067	-6815.024359	-2110.247486	552.1982466	-4120.996664	774.7623205	3608.380571	-7901.622669	1144.09629	-1629.542168
30988.88154	-4991.380472	-5355.143609	-6954.434949	-6897.348377	3545.951036	-911.7047867	-6315.478714	-2523.026026	1096.254125	-3370.042556	742.2964274	3996.893979	-7987.440616	1435.669788	-2419.193324
30988.88578	-4512.628572	-5963.395269	-6603.02132	-6458.511075	3816.147022	-235.6271629	-5747.607264	-2936.434652	1575.086378	-2582.399494	669.4372949	4308.301999	-7980.096669	1742.548696	-3211.933133
30988.89003	-3965.149751	-6508.439223	-6238.812967	-5954.216098	4020.942496	422.5514498	-5117.17861	-3342.593445	1983.801979	-1766.961248	559.8984951	4537.464419	-7879.062215	2058.027312	-3999.155451
30988.89427	-3357.686202	-6982.118067	-5863.578267	-5389.573971	4159.86638	1051.887698	-4431.619023	-3732.941679	2318.198449	-934.0074232	418.3949784	4680.115638	-7685.349909	2374.569905	-4771.464339
30988.89851	-2699.708221	-7377.841579	-5478.761738	-4770.226109	4233.907143	1642.262218	-3698.749977	-4099.253395	2575.753434	-93.45753042	250.3590535	4733.554278	-7401.461088	2684.603279	-5520.398467
30988.90275	-2001.15743	-7690.431537	-5085.529885	-4102.187532	4245.253977	2184.399367	-2926.61912	-4433.713602	2755.384416	745.2078911	61.73384576	4696.435264	-7031.112844	2980.64447	-6238.394825
30988.90697	-1272.419628	-7915.939998	-4684.908624	-3391.896369	4197.098529	2669.762902	-2123.563223	-4728.907242	2857.228351	1572.805233	-141.1443051	4568.633302	-6579.129278	3255.336594	-6918.589898
30988.9112	-524.3295513	-8051.605029	-4277.907436	-2646.301428	4093.536972	3090.544221	-1298.291699	-4977.863981	2882.549931	2380.349234	-351.6333328	4351.237845	-6051.44465	3501.511403	-7554.703589
30988.91542	232.0140214	-8095.914326	-3865.535648	-1872.772284	3939.488225	3439.816398	-459.7606395	-5174.206747	2833.717697	3159.192261	-562.9235402	4046.55868	-5455.021283	3712.34078	-8141.133079
30988.91964	985.3869535	-8048.632083	-3448.848912	-1079.053418	3740.600175	3711.640102	382.8999206	-5312.27112	2714.153363	3901.09888	-768.1661437	3658.120444	-4797.782094	3881.464961	-8672.98633
30988.92385	1724.723758	-7910.786831	-3028.915286	-273.059094	3503.101502	3901.197493	1220.622471	-5387.233693	2528.233981	4598.451283	-960.6411054	3190.554951	-4088.396148	4003.141298	-9146.199732
30988.92805	2439.139792	-7684.645271	-2606.921412	537.0657148	3233.709158	4004.805709	2044.349901	-5395.17167	2281.213308	5244.187288	-1133.849901	2649.599474	-3336.270943	4072.318815	-9557.455431
30988.93225	3118.156282	-7373.664436	-2184.161755	1343.103528	2939.480465	4019.995212	2845.213734	-5333.15155	1979.105999	5831.937382	-1281.659966	2041.980997	-2551.360551	4084.751475	-9904.239668
30988.93645	3751.811416	-6982.438947	-1762.084799	2136.809558	2627.692544	3945.535824	3614.589361	-5199.286216	1628.582979	6356.048367	-1398.413542	1375.346579	-1744.063579	4037.076953	-10184.81748
30988.94064	4330.816023	-6516.617025	-1342.303961	2910.017737	2305.70127	3781.45328	4344.209225	-4992.777102	1236.841751	6811.645831	-1479.04061	658.1418827	-925.0604665	3926.88679	-10398.22877
30988.94483	4846.656452	-5982.828147	-926.6324261	3654.693404	1980.821925	3529.0324	5026.220112	-4713.948478	811.4942622	7194.65134	-1519.153633	-100.4769046	-105.2012097	3752.784528	-10544.25596
30988.94902	5291.726589	-5388.575396	-517.087276	4363.03455	1660.193177	3190.800206	5653.28391	-4364.25866	360.4299489	7501.823626	-1515.139221	-890.7806823	704.6584384	3514.427055	-10623.40175
30988.9532	5659.464149	-4742.057577	-115.8584294	5027.616695	1350.622698	2770.446211	6218.707419	-3946.251231	-108.3630068	7730.79566	-1464.226194	-1702.679975	1493.879601	3212.51664	-10636.84972
30988.95738	5944.345174	-4052.192344	274.5952697	5641.312209	1058.543233	2272.859302	6716.374145	-3463.622611	-586.8217558	7880.020729	-1364.552603	-2525.675955	2251.997815	2848.871389	-10586.40932
30988.96156	6142.038349	-3328.423024	651.6051158	6197.47069	789.8570046	1704.039033	7140.906679	-2921.157537	-1066.993406	7948.832648	-1215.225338	-3349.100106	2968.975274	2426.403496	-10474.49307
30988.96573	6249.503791	-2580.255991	1012.457964	6690.20025	549.7329836	1070.73378	7487.867621	-2324.411969	-1541.367037	7937.424373	-1016.261415	-4162.611456	3635.621779	1948.88282	-10303.98222
30988.96991	6264.879405	-1817.732672	1354.1	7113.97634	342.7421773	380.8307916	7753.4611	-1680.105077	-2002.589581	7846.781993	-768.7327126	-4955.650549	4243.125765	1421.255725	-10078.26989
30988.97408	6187.639651	-1050.866814	1673.386021	7464.044233	172.6186816	-357.073846	7934.837828	-995.7262087	-2443.861417	7678.714334	-474.6854852	-5718.069251	4783.604778	849.3491956	-9801.145102
30988.97825	6018.555577	-289.5342199	1967.08327	7736.419615	42.22570203	-1133.787525	8030.071788	-279.4455981	-2859.008857	7435.783387	-137.1093723	-6440.220025	5250.152977	239.7989385	-9476.71317
30988.98242	5759.672707	456.6184435	2231.884622	7927.903469	-46.47261876	-1939.610356	8038.155792	459.9594187	-3242.543424	7121.260303	240.0881541	-7113.035861	5636.890462	-400.0100145	-9109.340723
30988.98659	5414.312697	1178.256458	2464.436058	8036.120808	-92.43963485	-2764.408011	7959.023972	1213.168682	-3589.716422	6739.109536	652.1016118	-7728.113769	5939.026924	-1061.994148	-8703.624447
30988.99075	4986.867405	1866.778584	2661.47374	8059.582215	-95.58987732	-3598.096012	7793.503219	1970.762214	-3896.719621	6293.763602	1093.471937	-8278.073112	6153.035507	-1737.761585	-8264.153469
30988.99492	4483.0858	2513.82344	2819.691945	7997.66178	-56.76991563	-4430.054437	7543.423192	2722.693227	-4160.453736	5790.435047	1557.790065	-8756.157824	6276.487954	-2418.145927	-7795.823893
30988.99909	3909.575675	3112.09302	2936.007983	7850.655313	22.24855696	-5250.124528	7211.447338	3459.204481	-4378.886748	5234.61062	2038.23751	-9156.906167	6308.32662	-3094.026104	-7303.338297
30989.00326	3273.85756	3655.100978	3007.499029	7619.714657	138.8339861	-6048.360324	6801.062217	4170.612652	-4550.900121	4632.151368	2527.501008	-9475.920606	6248.716962	-3756.148867	-6791.336082
30989.00743	2584.699556	4136.977256	3031.455927	7307.056927	289.4414801	-6814.702258	6316.857288	4847.041341	-4676.228685	3989.629587	3017.582822	-9709.807355	6099.162044	-4394.87806	-6264.671314
30989.0116	1851.607599	4553.002706	3005.554896	6915.885999	469.7237895	-7539.723258	5764.274892	5479.117863	-4755.625302	3313.87611	3500.27793	-9856.553828	5862.549148	-5000.842388	-5728.021123
30989.01417	1382.060315	4775.110257	2963.893237	6637.323232	593.5058725	-7962.361271	5392.149142	5842.914397	-4782.395012	2883.690837	3790.623203	-9903.269595	5675.037027	-5354.223855	-5394.100694