COMPASS_1_1.A1ModJulian	COMPASS_1_3.Hellas_Planitia_GS.X	COMPASS_1_3.Hellas_Planitia_GS.Y	COMPASS_1_3.Hellas_Planitia_GS.Z	COMPASS_1_3.Valles_Marineris_GS.X	COMPASS_1_3.Valles_Marineris_GS.Y	COMPASS_1_3.Valles_Marineris_GS.Z	COMPASS_1_3.Schiaparelli_Crater_GS.X	COMPASS_1_3.Schiaparelli_Crater_GS.Y	COMPASS_1_3.Schiaparelli_Crater_GS.Z	COMPASS_1_3.Mawrth_Vallis_GS.X	COMPASS_1_3.Mawrth_Vallis_GS.Y	COMPASS_1_3.Mawrth_Vallis_GS.Z	COMPASS_1_3.Arcadia_Planitia_GS.X	COMPASS_1_3.Arcadia_Planitia_GS.Y	COMPASS_1_3.Arcadia_Planitia_GS.Z
30988.50043	19757.34763	13331.22139	-3264.985941	15145.67752	-18383.82844	-3824.022591	15450.95591	-2862.77259	-21295.6799	7742.763371	-13178.36999	-21654.85848	22778.99096	6793.40181	-2304.261204
30988.50112	19763.75933	13321.33381	-3230.130031	15173.94798	-18360.6078	-3820.099471	15478.3202	-2851.477755	-21273.82971	7772.777714	-13157.23072	-21657.32408	22785.13406	6777.964209	-2337.090329
30988.503	19781.02692	13294.2198	-3137.331195	15249.17507	-18298.47487	-3808.903584	15551.29176	-2821.981459	-21215.0923	7853.142681	-13101.09192	-21663.22911	22801.0935	6737.305139	-2425.051111
30988.50839	19830.55586	13212.75392	-2880.146925	15457.4071	-18123.84027	-3771.812658	15754.54187	-2744.885426	-21047.82261	8079.580797	-12946.70362	-21674.34611	22842.22173	6628.21258	-2673.326841
30988.52289	19963.00691	12972.76446	-2262.699506	15956.66344	-17688.47409	-3639.227126	16250.98315	-2593.440736	-20615.3991	8650.488914	-12585.66238	-21664.71903	22920.41954	6392.637181	-3301.63319
30988.5432	20147.01788	12606.70361	-1586.488891	16506.54308	-17178.51701	-3388.832363	16820.00489	-2509.897743	-20072.85305	9344.121085	-12217.68417	-21572.04847	22963.51672	6200.502992	-4067.36713
30988.5643	20333.44503	12226.88606	-1122.767139	16894.76577	-16794.10896	-3079.69177	17250.58387	-2561.677533	-19619.00846	9912.869801	-12007.45469	-21409.62072	22948.1176	6158.141769	-4693.484297
30988.5855	20507.76384	11887.8958	-899.8685972	17102.09244	-16573.80201	-2758.030914	17515.26155	-2725.368181	-19305.74132	10307.00046	-11965.39605	-21214.99981	22894.16681	6253.53327	-5121.240045
30988.6067	20655.77322	11631.34777	-910.201569	17133.93505	-16527.12257	-2467.105634	17609.94798	-2964.112717	-19157.86987	10504.6662	-12075.9005	-21023.8259	22821.6805	6455.961684	-5325.198159
30988.6279	20759.28518	11492.55252	-1135.978672	16999.62092	-16651.61399	-2249.354055	17534.01531	-3236.55317	-19188.9275	10490.29399	-12313.22831	-20867.54699	22746.07814	6727.930181	-5289.539124
30988.6491	20796.5062	11499.76864	-1552.451875	16710.03603	-16934.65615	-2144.878538	17288.42862	-3499.397424	-19402.20544	10253.13424	-12644.14843	-20771.97226	22677.16882	7027.872376	-5006.389708
30988.67031	20743.18312	11672.80082	-2129.403314	16276.92682	-17354.29154	-2189.364495	16875.57376	-3709.758271	-19790.73553	9787.673593	-13029.8242	-20755.93989	22618.64685	7312.431368	-4476.052262
30988.69151	20574.00748	12021.92319	-2832.717504	15712.36829	-17880.42437	-2412.110056	16299.23861	-3827.490151	-20337.66759	9094.035765	-13427.93109	-20830.33846	22567.96756	7538.82271	-3707.068356
30988.71271	20264.14462	12547.30568	-3626.098922	15028.30343	-18476.4515	-2834.36916	15564.612	-3817.383321	-21017.16551	8178.168413	-13794.96123	-20997.58585	22516.61527	7667.169591	-2715.91456
30988.73392	19790.75718	13239.0438	-4472.921963	14236.10304	-19101.29636	-3468.162506	14678.21463	-3651.076983	-21795.84931	7051.695976	-14088.61564	-21251.62028	22450.743	7662.679928	-1526.230887
30988.75512	19134.58893	14077.56235	-5337.827467	13346.43097	-19711.52127	-4315.417387	13648.05635	-3308.634475	-22634.4426	5731.816643	-14270.04774	-21578.31984	22352.16749	7497.539799	-168.0176248
30988.77632	18281.17978	15034.86231	-6188.587097	12368.85048	-20263.84768	-5367.935445	12483.37243	-2779.577073	-23490.0897	4240.440445	-14306.04524	-21956.50439	22199.61236	7152.417419	1324.007782
30988.79753	17222.21546	16075.77348	-6997.26324	11312.04707	-20717.32015	-6607.446577	11194.92444	-2063.570861	-24318.3985	2603.852794	-14170.78621	-22359.17603	21970.2176	6617.575247	2911.515416
30988.81873	15956.21009	17160.06004	-7741.561586	10183.66521	-21035.66611	-8006.673944	9794.705535	-1170.358427	-25076.01685	851.4630524	-13847.2756	-22755.27963	21641.11382	5893.352862	4554.567341
30988.83993	14489.18253	18244.43812	-8405.507466	8990.633399	-21189.18592	-9530.477268	8296.082237	-119.3385763	-25722.82076	-984.9943479	-13328.28194	-23111.56547	21191.09447	4990.227292	6213.095784
30988.86114	12834.78339	19284.95971	-8979.922218	7739.372756	-21156.40144	-11137.63188	6713.668534	1061.489869	-26224.10415	-2872.651184	-12616.75081	-23394.67164	20602.20035	3928.249836	7848.663444
30988.88234	11014.1152	20239.3649	-9462.445104	6436.150866	-20925.23046	-12782.84401	5063.26676	2337.002861	-26552.41931	-4778.605597	-11725.67666	-23573.20703	19861.17739	2735.999835	9425.995108
30988.90354	9055.129142	21069.3776	-9857.180553	5087.44278	-20493.65631	-14419.02671	3361.734082	3666.846528	-26689.04263	-6671.04827	-10677.41257	-23619.75487	18960.69079	1449.046496	10914.36285
30988.92475	6991.49204	21742.82424	-10173.99156	3700.192516	-19869.77984	-15999.78998	1626.676279	5007.727898	-26624.9392	-8520.448926	-9502.362319	-23512.64839	17900.13465	107.9153734	12288.80298
30988.94595	4861.810904	22235.19136	-10427.36517	2282.50526	-19071.50983	-17481.37466	-123.3296823	6315.431863	-26361.20681	-10300.00782	-8237.606291	-23237.46184	16686.41472	-1243.784029	13530.55898
30988.96715	2707.662596	22531.11267	-10635.18321	843.6517798	-18125.4725	-18825.18518	-1869.35249	7547.507282	-25908.98207	-11986.81577	-6924.647259	-22788.09539	15333.87267	-2562.00816	14627.841
30988.98835	572.278651	22625.09094	-10817.17723	-605.4373756	-17065.68953	-19999.41642	-3592.052163	8665.329295	-25288.82232	-13562.06661	-5607.376334	-22167.45022	13864.22622	-3804.425649	15575.65767
30989.00955	-1501.311983	22521.83067	-10993.35317	-2052.072632	-15931.71786	-20980.65719	-5272.028741	9636.24671	-24529.56161	-15011.45232	-4329.652378	-21387.5904	12305.87563	-4932.763549	16375.58004
30989.03075	-3472.040992	22235.9729	-11182.39239	-3481.749024	-14766.51038	-21754.95705	-6890.103736	10435.33594	-23666.70992	-16325.23146	-3132.936975	-20469.39657	10692.8812	-5914.866585	17035.08432
30989.05195	-5302.572404	21791.25217	-11400.15793	-4878.296311	-13614.02348	-22318.40468	-8427.703359	11046.75876	-22740.43073	-17498.13489	-2054.00288	-19441.66004	9063.515847	-6726.460997	17566.61669
30989.07315	-6960.441355	21219.26754	-11658.32701	-6223.808927	-12517.05789	-22677.02625	-9866.863363	11464.47066	-21793.49758	-18528.76926	-1123.168502	-18339.98527	7458.968351	-7352.28464	17986.28232
30989.09435	-8419.524491	20557.74868	-11963.32591	-7499.114451	-11514.82548	-22846.38134	-11190.70174	11692.63335	-20868.86313	-19419.22233	-362.5339716	-17205.04757	5921.401792	-7787.016214	18312.55317
30989.11555	-9660.922063	19848.51786	-12315.55355	-8684.155531	-10640.86839	-22850.53424	-12383.65031	11745.35448	-20007.33263	-20174.33051	215.1685609	-16080.67573	4492.147889	-8035.52239	18564.78038
30989.13675	-10673.63265	19135.15059	-12709.01363	-9758.612668	-9921.187881	-22720.57939	-13431.81054	11645.89363	-19245.26038	-20800.93853	607.281089	-15011.61232	3209.744604	-8112.580075	18761.73307
30989.15795	-11454.57832	18460.6961	-13131.26378	-10702.34909	-9372.973709	-22492.80103	-14323.02684	11425.35992	-18612.6795	-21306.94786	821.25264	-14041.44176	2108.391351	-8042.006285	18920.16457
30989.17915	-12008.39401	17865.41513	-13563.7357	-11495.98497	-9003.707403	-22206.64076	-15047.02572	11121.07084	-18131.70445	-21700.44564	874.2399802	-13210.50551	1216.491478	-7855.399363	19053.56504
30989.20035	-12347.0598	17384.43094	-13982.59457	-12121.79854	-8810.642901	-21902.39329	-15595.79473	10774.45439	-17815.17222	-21989.02883	792.2049039	-12553.63943	555.1166249	-7590.38536	19171.1828
30989.22155	-12488.83933	17045.98732	-14359.71353	-12564.15697	-8781.081841	-21619.00418	-15963.49162	10428.86118	-17666.07974	-22178.98662	608.4616603	-12098.64636	137.3373976	-7288.600951	19277.25315
30989.24275	-12457.18963	16869.82773	-14664.1043	-12810.24883	-8893.012756	-21391.85242	-16146.62728	10127.16242	-17677.34194	-22274.79737	361.8713053	-11864.7636	-32.45343798	-6993.40117	19370.61165
30989.26395	-12279.32772	16866.14334	-14863.49569	-12850.59742	-9116.344088	-21250.7834	-16144.06579	9909.407982	-17832.20253	-22278.72249	94.69971928	-11861.71417	41.37045391	-6747.48404	19444.63976
30989.28515	-11984.65188	17035.06079	-14926.01181	-12679.44825	-9414.572106	-21218.48436	-15956.95994	9810.664659	-18105.1794	-22190.58724	-149.6910827	-12089.26752	346.0222895	-6590.575827	19487.56164
30989.30635	-11603.20142	17366.60177	-14821.88877	-12295.11258	-9746.704185	-21309.25801	-15588.72275	9859.13138	-18463.39418	-22007.80498	-329.1493704	-12537.2082	860.9381746	-6557.304716	19483.073
30989.32755	-11164.04588	17841.21631	-14525.19773	-11700.15422	-10069.53459	-21528.22651	-15044.92811	10074.55077	-18868.39295	-21725.59417	-405.0872302	-13185.84725	1558.848111	-6675.257914	19411.30333
30989.34875	-10693.80586	18430.86746	-14015.3414	-10901.3743	-10340.00097	-21871.1058	-14333.14016	10467.15278	-19278.25783	-21337.3688	-344.5732629	-14007.0578	2407.181931	-6963.495217	19250.00664
30989.36996	-10215.39985	19100.52632	-13278.35448	-9909.704809	-10517.51043	-22324.47874	-13462.76801	11037.08054	-19649.87549	-20835.32611	-122.1240121	-14965.6685	3369.641593	-7431.500264	18975.94882
30989.39116	-9746.994209	19810.11008	-12307.83084	-8739.856219	-10566.15628	-22866.61984	-12444.81077	11774.4104	-19941.31473	-20211.11973	278.9206757	-16021.30038	4408.020415	-8078.687465	18566.37922
30989.41236	-9301.385233	20516.5114	-11105.74249	-7410.134118	-10456.66931	-23468.64834	-11291.85305	12659.52674	-20114.06926	-19456.79106	865.3960501	-17130.18336	5483.808399	-8894.286974	18000.63702
30989.43356	-8885.520262	21176.09943	-9682.460746	-5941.643673	-10168.049	-24096.31473	-10017.62222	13664.32412	-20135.25866	-18565.49101	1633.995286	-18247.57783	6560.210305	-9858.04221	17261.5391
30989.45476	-8500.564375	21746.98583	-8056.725713	-4357.84344	-9688.723943	-24711.89658	-8636.931304	14753.60023	-19979.41621	-17532.43667	2571.358528	-19329.82807	7603.636688	-10941.18622	16336.78121
30989.47596	-8142.18315	22191.39692	-6254.741337	-2683.552216	-9017.10418	-25276.48653	-7165.205247	15887.1479	-19629.87636	-16355.51187	3654.95153	-20336.68469	8585.325414	-12108.18244	15219.86891
30989.49716	-7801.333369	22477.56689	-4309.634878	-944.6457414	-8161.810938	-25752.07953	-5618.647509	17021.62674	-19079.76012	-15036.23615	4854.017172	-21232.93472	9482.198089	-13318.34306	13911.18956
30989.51837	-7465.170345	22581.56435	-2259.853637	832.962186	-7141.145761	-26103.89886	-4013.798077	18113.08885	-18332.36936	-13580.12307	6131.385665	-21990.22503	10277.84467	-14528.20662	12418.33965
30989.53957	-7118.298617	22488.56656	-147.7897594	2623.839178	-5982.207482	-26302.40344	-2367.521096	19119.23134	-17401.11655	-11997.18239	7445.345279	-22588.21444	10962.84097	-15693.75305	10756.3938
30989.56077	-6744.1041	22193.66945	1982.243774	4403.897312	-4719.311363	-26325.0999	-696.6449933	20001.80373	-16308.7486	-10301.88217	8752.040274	-23015.45451	11534.85116	-16772.9176	8947.461268
30989.58197	-6326.236837	21702.13768	4085.684042	6150.781031	-3392.239807	-26157.89988	982.0303027	20728.55788	-15086.22861	-8513.200862	10007.70661	-23269.61729	11998.16257	-17727.73529	7020.198127
30989.60317	-5850.084882	21029.17505	6119.482587	7844.232743	-2044.182489	-25796.10065	2651.775851	21274.96534	-13771.19073	-6654.418093	11170.96574	-23357.31407	12362.92508	-18526.34908	5008.954672
30989.62437	-5304.077501	20199.03304	8044.157114	9466.64586	-719.2407926	-25244.79582	4296.268027	21625.62024	-12405.79026	-4752.341143	12205.20721	-23293.44158	12644.13152	-19144.83787	2952.251874
30989.64557	-4680.979101	19243.84322	9824.997494	11002.92882	539.6872852	-24518.87128	5899.363086	21774.9732	-11034.72804	-2836.937583	13080.34151	-23100.04861	12860.21532	-19568.35924	891.6769272
30989.66677	-3978.696926	18201.66798	11433.86695	12440.961	1693.532167	-23642.23232	7445.598835	21727.6897	-9702.545735	-939.9525108	13774.65232	-22804.80203	13031.60215	-19792.07451	-1130.2945
30989.68798	-3201.101997	17114.69501	12849.70765	13771.09218	2708.806001	-22646.87356	8919.839909	21498.33298	-8451.63497	905.6006398	14275.7081	-22439.22624	13179.03906	-19821.26969	-3071.474292
30989.70918	-2358.333651	16026.91955	14059.3446	14986.08402	3559.520121	-21571.31983	10307.48804	21110.63837	-7319.883649	2666.68953	14581.13711	-22036.71594	13322.00931	-19671.1494	-4891.847579
30989.73038	-1466.646161	14981.62143	15057.86916	16080.97752	4228.690204	-20458.56395	11594.75245	20596.16625	-6338.519904	4311.640451	14698.78102	-21630.38798	13477.22737	-19365.98097	-6555.453788
30989.75158	-548.1304063	14019.19931	15848.23763	17052.51945	4709.092031	-19354.05945	12768.51195	19992.63269	-5530.654983	5810.964267	14646.19082	-21251.08309	13657.27434	-18937.77797	-8031.541561
30989.76293	-54.58627371	13550.50563	16189.15132	17521.27725	4889.331172	-18781.99152	13345.9825	19647.32215	-5174.607078	6544.58638	14556.89491	-21068.58223	13766.6695	-18670.9741	-8736.048568