COMPASS_1_1.A1ModJulian	COMPASS_2_2.Hellas_Planitia_GS.X	COMPASS_2_2.Hellas_Planitia_GS.Y	COMPASS_2_2.Hellas_Planitia_GS.Z	COMPASS_2_2.Valles_Marineris_GS.X	COMPASS_2_2.Valles_Marineris_GS.Y	COMPASS_2_2.Valles_Marineris_GS.Z	COMPASS_2_2.Schiaparelli_Crater_GS.X	COMPASS_2_2.Schiaparelli_Crater_GS.Y	COMPASS_2_2.Schiaparelli_Crater_GS.Z	COMPASS_2_2.Mawrth_Vallis_GS.X	COMPASS_2_2.Mawrth_Vallis_GS.Y	COMPASS_2_2.Mawrth_Vallis_GS.Z	COMPASS_2_2.Arcadia_Planitia_GS.X	COMPASS_2_2.Arcadia_Planitia_GS.Y	COMPASS_2_2.Arcadia_Planitia_GS.Z
30988.50043	-7294.914108	18147.26823	-16975.0791	-11074.31561	-13966.64154	-19185.86645	-13733.06879	6683.877604	-21669.84395	-20795.78973	-4827.787294	-13986.44391	3877.675394	-2749.35312	19936.73528
30988.50112	-7275.357611	18170.71211	-16954.2343	-11041.58804	-13977.53262	-19199.16563	-13703.74451	6699.355338	-21686.18728	-20779.42421	-4825.544509	-14019.51531	3912.141638	-2760.663804	19929.61319
30988.503	-7222.575808	18234.44682	-16896.84743	-10952.31254	-14006.47636	-19235.68179	-13623.84054	6742.069338	-21730.14354	-20734.74265	-4818.659005	-14109.50104	4005.745494	-2792.134366	19909.88489
30988.50839	-7070.46689	18421.82794	-16722.0888	-10687.19706	-14086.07326	-19345.98818	-13387.25966	6872.909892	-21855.44169	-20601.66841	-4791.896683	-14374.76395	4280.247282	-2890.623079	19848.74466
30988.52289	-6662.071371	18951.07901	-16179.98517	-9915.020836	-14268.70274	-19679.39529	-12703.12328	7282.830866	-22179.00335	-20209.79244	-4666.286613	-15130.69072	5052.375089	-3214.569935	19649.62903
30988.5432	-6101.861117	19734.19393	-15241.20074	-8696.817152	-14429.08467	-20225.90982	-11634.13301	7994.480773	-22578.04586	-19574.34549	-4350.184985	-16272.92872	6196.847926	-3813.073378	19274.93414
30988.5643	-5548.480208	20562.52845	-14044.89912	-7279.276499	-14450.41705	-20869.05016	-10399.19856	8889.127774	-22891.17478	-18801.88339	-3839.988259	-17524.53076	7428.770872	-4607.032174	18750.05191
30988.5855	-5032.282939	21366.83469	-12624.06314	-5720.410543	-14298.52924	-21561.15568	-9045.514092	9922.968591	-23066.82941	-17904.69494	-3139.948814	-18804.03875	8672.305832	-5565.207781	18066.19276
30988.6067	-4560.209149	22100.8728	-10998.41157	-4048.90837	-13956.81043	-22263.80593	-7593.04862	11060.81554	-23074.38005	-16880.66707	-2260.264706	-20061.7873	9886.662118	-6660.007782	17211.11358
30988.6279	-4131.446852	22724.22098	-9192.338564	-2290.961868	-13419.11002	-22938.19613	-6058.789211	12263.89974	-22892.89657	-15727.8179	-1219.774822	-21254.52339	11039.26563	-7858.231076	16176.6737
30988.6491	-3739.718019	23202.00273	-7236.848508	-473.2064918	-12689.47989	-23545.71033	-4459.743633	13489.81639	-22510.99367	-14446.91169	-45.82965962	-22343.92702	12103.51682	-9121.078408	14960.8389
30988.67031	-3374.32957	23506.46795	-5168.821147	1377.50246	-11781.96705	-24049.93425	-2813.186964	14694.46985	-21927.37895	-13042.35209	1226.976678	-23297.9298	13059.30136	-10405.937	13568.51736
30988.69151	-3021.301655	23618.47206	-3029.582587	3234.768227	-10719.87744	-24418.77676	-1136.513849	15834.41194	-21150.96763	-11522.65346	2558.635503	-24092.10617	13893.54424	-11668.63825	12011.87366
30988.71271	-2664.680949	23528.51409	-863.2251441	5073.314709	-9534.54139	-24626.38363	552.9182177	16869.17	-20200.45704	-9900.698008	3905.858411	-24710.67409	14600.39714	-12865.8211	10310.26045
30988.73392	-2287.943056	23237.23013	1285.385689	6869.717447	-8263.541599	-24654.72136	2238.063346	17763.48744	-19103.28407	-8193.633934	5224.497191	-25147.05731	15181.07081	-13957.34113	8489.626377
30988.75512	-1875.527961	22755.40423	3372.078421	8602.555888	-6948.931282	-24494.72258	3901.997212	18489.04068	-17894.38972	-6422.991019	6471.66353	-25403.82325	15643.12269	-14908.2144	6582.042292
30988.77632	-1414.146524	22103.2924	5355.784652	10253.27824	-5634.631178	-24146.95246	5528.492232	19026.18289	-16614.0752	-4613.775491	7608.378188	-25492.32213	15999.66612	-15690.77445	4624.061281
30988.79753	-894.191976	21309.67175	7199.575596	11805.90877	-4364.468578	-23621.80782	7101.600563	19364.76993	-15306.23709	-2794.375586	8601.281342	-25431.66884	16267.9918	-16285.8618	2655.908879
30988.81873	-310.7084318	20410.15337	8872.609926	13247.56794	-3179.510153	-22939.0761	8606.141312	19504.84846	-14015.74674	-995.3024316	9424.70416	-25247.43836	16468.2194	-16684.05312	719.4216434
30988.83993	335.7294288	19445.36478	10350.98232	14568.19155	-2116.056257	-22127.10136	10027.52669	19456.56722	-12786.26863	751.4981844	10061.87188	-24969.96982	16621.65968	-16886.04422	-1143.355736
30988.86114	1038.555896	18458.72178	11618.62425	15760.46649	-1203.622356	-21221.40255	11351.92209	19239.64698	-11657.87689	2413.8147	10505.8567	-24632.43943	16749.20434	-16902.64211	-2892.013035
30988.88234	1785.069683	17494.10022	12667.67515	16819.54319	-463.3754121	-20262.92647	12566.29178	18882.30456	-10664.9529	3960.261116	10759.92647	-24268.79479	16869.74175	-16754.16445	-4489.420469
30988.90354	2556.676711	16593.45194	13498.48421	17742.69933	93.00903998	-19295.96862	13658.4909	18419.71281	-9834.351705	5361.419594	10837.35866	-23911.65674	16998.71669	-16469.3279	-5903.288219
30988.92475	3329.556372	15794.47032	14119.22693	18528.98701	463.9823008	-18365.82526	14617.42478	17892.02964	-9183.942271	6591.005552	10760.68452	-23590.29154	17146.92675	-16083.63453	-7107.576617
30988.94595	4075.40432	15128.75525	14544.93087	19178.58422	658.0798124	-17516.685	15432.89637	17342.33008	-8721.853493	7626.510949	10560.45218	-23328.90075	17319.56787	-15637.51546	-8083.210964
30988.96715	4762.823133	14619.91759	14796.50417	19692.53985	693.541781	-16789.12636	16095.94084	16814.14927	-8445.906817	8450.306179	10273.55152	-23145.05589	17515.69164	-15174.0494	-8819.067053
30988.98835	5358.627117	14282.43426	14899.23715	20072.22146	597.2533404	-16218.16063	16598.77781	16349.20358	-8343.867861	9050.048461	9941.217314	-23048.64723	17727.98332	-14736.68346	-9312.093155
30989.00955	5829.467752	14120.8254	14881.24693	20318.98607	403.292773	-15831.35513	16934.97984	15985.09266	-8394.101387	9419.136206	9606.776154	-23041.20939	17942.9675	-14366.84659	-9567.3077
30989.03075	6143.483291	14129.42078	14771.78079	20433.88022	151.0618758	-15647.39485	17099.58889	15753.25241	-8566.775743	9556.849517	9313.278631	-23115.75282	18141.5947	-14101.69079	-9597.342849
30989.05195	6271.92082	14292.70121	14599.49838	20417.4248	-116.8899932	-15675.12465	17089.22028	15677.25024	-8825.530625	9468.222831	9101.140202	-23257.1053	18300.19193	-13972.06732	-9421.608382
30989.07315	6190.601164	14586.1366	14390.88769	20269.50478	-357.1358635	-15913.11041	16902.1555	15771.53896	-9129.425408	9163.691927	9005.991623	-23442.69439	18391.67113	-14000.89083	-9065.186727
30989.09435	5881.298041	14977.51254	14168.81958	19989.41021	-527.7687111	-16349.67571	16538.48041	16040.62824	-9435.18542	8658.569159	9056.693903	-23643.78657	18387.0409	-14201.84693	-8557.49292
30989.11555	5332.806293	15428.68388	13951.36354	19575.96813	-590.6886238	-16963.51008	16000.17778	16478.83342	-9699.557127	7972.298427	9273.760183	-23827.09127	18257.05224	-14578.64073	-7930.743145
30989.13675	4541.613468	15897.69962	13750.89693	19027.72482	-513.6806359	-17724.8561	15291.12863	17070.63483	-9881.681028	7127.47565	9668.265858	-23956.66157	17973.88867	-15124.8388	-7218.258217
30989.15795	3512.30198	16341.03231	13573.62395	18343.29077	-272.1406757	-18597.01446	14417.18436	17791.48911	-9945.259519	6148.901548	10241.24344	-23995.91895	17512.83714	-15824.19589	-6452.893678
30989.17915	2257.713155	16715.89513	13419.46651	17521.83576	149.5178834	-19538.12843	13386.30759	18609.0432	-9860.535381	5062.670869	10983.51283	-23909.78624	16853.94109	-16651.41467	-5665.591408
30989.20035	798.2747918	16982.67818	13282.28598	16563.33683	757.0776869	-20503.58319	12208.30597	19485.07305	-9605.906427	3894.860911	11876.32372	-23666.76229	15983.22987	-17573.69575	-4883.791181
30989.22155	-838.4411615	17107.00321	13150.56631	15469.23934	1546.089593	-21448.07078	10895.02759	20377.34417	-9169.102072	2670.817066	12892.17672	-23240.84535	14893.96132	-18552.3004	-4130.483225
30989.24275	-2618.957831	17061.65941	13008.36975	14242.80285	2502.134009	-22328.04131	9460.131717	21242.00018	-8547.845793	1414.12561	13996.38461	-22613.17741	13587.29368	-19544.74362	-3423.240937
30989.26395	-4505.30978	16828.07042	12836.59189	12889.46612	3601.620875	-23103.93013	7918.904906	22035.94877	-7749.935605	145.8472155	15148.9692	-21773.28824	12072.58879	-20507.1091	-2773.689619
30989.28515	-6456.662652	16397.2658	12614.41139	11417.13077	4813.092815	-23742.13008	6288.033112	22719.1818	-6792.760254	-1116.060362	16306.83438	-20719.87839	10367.28569	-21396.42128	-2187.345001
30989.30635	-8430.623822	15770.46201	12320.9121	9836.687525	6098.667915	-24216.51739	4585.704682	23256.79751	-5702.533316	-2356.845889	17425.8524	-19461.38824	8496.767185	-22172.78364	-1663.924025
30989.32755	-10385.33184	14958.97862	11936.67334	8161.896595	7416.265947	-24509.84134	2831.080761	23621.03805	-4512.72161	-3565.334075	18463.44908	-18015.71276	6493.226644	-22801.71117	-1197.765649
30989.34875	-12281.12728	13983.6141	11445.31855	6409.38683	8721.859467	-24614.44001	1044.032547	23792.7538	-3262.210441	-4733.819713	19380.8694	-16409.5412	4394.45193	-23255.95681	-778.7055092
30989.36996	-14082.01047	12873.5758	10834.93843	4598.601429	9971.764725	-24532.45047	-755.0608973	23762.41318	-1993.245733	-5857.714634	20145.20181	-14677.32141	2242.4267	-23516.94114	-393.213888
30989.39116	-15757.12079	11664.84071	10099.21846	2751.390541	11125.06766	-24275.50059	-2545.747284	23530.61313	-749.0472111	-6935.158944	20731.19498	-12859.61827	81.46164264	-23575.76736	-25.67007308
30989.41236	-17281.48975	10398.46425	9238.459566	891.9651081	12145.59584	-23863.94834	-4307.46169	23108.09747	428.305251	-7966.19326	21122.50245	-11001.61863	-2043.228592	-23433.69218	340.1468331
30989.43356	-18637.20558	9118.100615	8259.937752	-954.0661992	13004.14038	-23325.5516	-6020.261746	22515.14363	1500.463395	-8952.292359	21312.71401	-9150.610932	-4087.926119	-23102.09032	719.6907693
30989.45476	-19813.55327	7867.836027	7178.153284	-2760.040697	13679.85465	-22693.82428	-7664.852633	21780.50735	2434.724292	-9895.413158	21305.61331	-7354.034798	-6011.911165	-22601.83451	1126.186442
30989.47596	-20807.24317	6689.591866	6014.356337	-4499.274685	14161.48676	-22005.93046	-9223.170953	20939.73317	3205.986276	-10797.37487	21114.96042	-5656.914059	-7779.488825	-21962.07092	1569.440358
30989.49716	-21621.73188	5621.20798	4796.176086	-6145.313162	14447.79085	-21300.67419	-10678.19152	20033.43057	3797.872974	-11658.84933	20763.74032	-4100.21714	-9360.898605	-21218.77469	2054.675272
30989.51837	-22266.73215	4694.188209	3556.40159	-7673.006665	14547.70297	-20616.12914	-12014.44712	19104.95178	4203.803889	-12478.86601	20282.91405	-2718.620039	-10733.78707	-20412.71676	2581.818224
30989.53957	-22757.11169	3932.122172	2331.770603	-9059.062494	14479.80848	-19987.49779	-13218.05721	18198.1387	4427.300175	-13254.1826	19709.76696	-1539.075894	-11883.79558	-19587.32934	3144.982346
30989.56077	-23111.70952	3349.322053	1161.234936	-10282.89544	14271.3227	-19444.98886	-14277.03052	17354.84165	4481.84331	-13979.01456	19085.81881	-579.4631126	-12805.0707	-18786.25523	3732.418947
30989.58197	-23351.84571	2950.161384	84.33707385	-11327.05953	13956.58759	-19012.12998	-15181.23686	16612.75062	4390.10768	-14644.77961	18454.61406	152.0019285	-13500.06011	-18051.06484	4326.715541
30989.60317	-23499.81542	2728.851253	-860.5632819	-12177.69336	13575.23155	-18704.39706	-15922.44876	16003.38719	4182.76491	-15240.10472	17859.39523	656.9894959	-13979.03787	-17419.03889	4905.363449
30989.62437	-23577.39945	2669.728562	-1638.220845	-12824.99024	13169.96558	-18528.23717	-16494.48005	15550.31449	3896.80794	-15751.15308	17340.6764	946.8625798	-14259.33354	-16921.06209	5441.758357
30989.64557	-23604.40331	2748.154998	-2218.015171	-13263.24288	12784.32847	-18480.69763	-16893.04524	15267.97273	3573.58929	-16161.95898	16934.15093	1041.820108	-14364.06769	-16580.06359	5906.292704
30989.66677	-23597.40139	2931.865064	-2575.601049	-13491.02953	12460.22143	-18549.5013	-17115.84804	15160.8096	3256.507196	-16455.17101	16668.63993	969.7320366	-14320.76087	-16409.67234	6267.896654
30989.68798	-23568.68707	3182.7175	-2693.926539	-13510.96849	12235.73553	-18713.69903	-17162.39343	15223.1363	2988.736235	-16612.70509	16564.64856	764.4975699	-14159.66222	-16413.58769	6495.458239
30989.70918	-23525.53416	3458.757142	-2564.198032	-13329.56314	12143.02336	-18944.75334	-17033.98721	15439.36884	2810.846176	-16616.69966	16633.17558	464.2016572	-13912.07307	-16585.30443	6559.509146
30989.73038	-23469.77294	3716.551709	-2186.32868	-12956.79672	12206.52307	-19208.12682	-16733.62188	15784.91026	2758.554729	-16450.47222	16875.11827	108.9767022	-13608.58046	-16908.49116	6433.830311
30989.75158	-23397.73631	3913.526988	-1568.987947	-12405.65729	12441.64211	-19465.15305	-16265.87882	16227.47092	2860.802534	-16099.47391	17281.22157	-261.12926	-13277.45441	-17357.86593	6096.908987
30989.76293	-23349.59361	3980.121468	-1145.653796	-12042.54755	12640.38505	-19586.05344	-15948.71126	16491.19562	2986.573637	-15831.47638	17559.90942	-452.1129096	-13097.51038	-17639.16511	5824.044068