D1.A1ModJulian	D1.Hellas_Planitia_GS.X	D1.Hellas_Planitia_GS.Y	D1.Hellas_Planitia_GS.Z	D1.Valles_Marineris_GS.X	D1.Valles_Marineris_GS.Y	D1.Valles_Marineris_GS.Z	D1.Schiaparelli_Crater_GS.X	D1.Schiaparelli_Crater_GS.Y	D1.Schiaparelli_Crater_GS.Z	D1.Mawrth_Vallis_GS.X	D1.Mawrth_Vallis_GS.Y	D1.Mawrth_Vallis_GS.Z	D1.Arcadia_Planitia_GS.X	D1.Arcadia_Planitia_GS.Y	D1.Arcadia_Planitia_GS.Z
30988.50043	10012.47826	3417.289076	3801.938661	12370.7502	-3100.804351	-2438.77553	12384.39014	808.2038418	-6452.834392	9715.911862	-1467.269191	-11548.09048	10978.87151	-7.015501064	-9900.409037
30988.50112	10060.85597	3340.003688	3770.658993	12361.45068	-3106.351269	-2342.991383	12397.2436	717.5196635	-6422.78409	9760.468081	-1523.808106	-11483.98162	10952.93243	75.23942712	-9943.457185
30988.50296	10187.16995	3137.491379	3683.177484	12332.6374	-3124.044478	-2091.046518	12426.95527	476.8761764	-6346.446689	9873.486717	-1675.702912	-11314.35194	10883.3274	294.200057	-10052.2269
30988.50752	10492.99214	2642.746516	3434.376462	12234.04918	-3187.403885	-1469.38134	12474.3911	-130.289071	-6175.26886	10125.93388	-2070.659306	-10889.52078	10702.94758	850.9715688	-10292.37321
30988.5153	10981.35242	1838.30712	2912.311303	11979.52111	-3358.089888	-437.7553029	12467.54444	-1182.263173	-5948.389725	10457.38664	-2793.072655	-10163.96681	10375.30294	1829.671892	-10597.27516
30988.52357	11448.92765	1046.760352	2228.737204	11592.80884	-3623.793203	607.3771291	12339.34889	-2310.907785	-5799.481445	10669.24298	-3619.807359	-9399.72009	10003.18499	2898.734684	-10773.5687
30988.5319	11857.66403	327.7644299	1417.490644	11087.96102	-3973.825454	1589.59281	12085.72112	-3440.092023	-5746.97005	10732.66261	-4499.623944	-8648.692616	9608.442381	3987.715391	-10794.56479
30988.54023	12195.88842	-303.5817457	495.1805729	10473.33123	-4399.330987	2486.713124	11709.38173	-4544.663068	-5791.027656	10643.98845	-5412.261918	-7925.589288	9197.107213	5072.112747	-10658.42018
30988.54857	12454.95982	-839.1491003	-522.7883267	9756.824766	-4890.191367	3284.137501	11214.27235	-5605.959405	-5927.877394	10403.69996	-6340.469337	-7239.365204	8772.331242	6132.930856	-10367.8322
30988.5569	12626.97281	-1273.814026	-1620.047677	8946.916239	-5434.497964	3969.906161	10605.40604	-6606.926777	-6151.140209	10014.60138	-7266.81466	-6596.724727	8335.980465	7152.196423	-9928.291697
30988.56525	12704.69823	-1605.108094	-2779.323274	8052.640733	-6018.742005	4534.394539	9888.798094	-7531.913074	-6452.122448	9481.602215	-8173.685642	-6002.406779	7888.816428	8112.819397	-9347.805061
30988.57359	12681.74694	-1833.077454	-3982.240724	7083.871372	-6627.863561	4970.24318	9071.722446	-8366.559878	-6819.898578	8811.889515	-9043.256518	-5459.41638	7430.751942	8998.507424	-8637.002115
30988.58194	12552.819	-1960.456188	-5210.389126	6050.636468	-7245.959676	5272.863535	8162.193046	-9098.671503	-7241.757668	8014.503698	-9858.439651	-4968.653125	6960.653093	9794.705064	-7808.586371
30988.5903	12313.92005	-1992.434905	-6444.887807	4963.62878	-7856.26437	5440.269639	7169.420466	-9717.940242	-7703.267334	7100.657155	-10602.71223	-4529.306842	6476.750208	10488.34384	-6877.573165
30988.59867	11962.44638	-1936.605999	-7667.556811	3833.386526	-8441.951453	5473.333138	6103.108305	-10216.65401	-8188.89379	6083.04051	-11261.03274	-4138.614395	5976.453827	11068.65915	-5860.46561
30988.60704	11497.38938	-1802.706624	-8860.658552	2670.668508	-8986.229778	5375.625725	4973.786825	-10589.50358	-8682.163513	4976.013986	-11819.78769	-3792.227335	5456.732792	11527.0401	-4775.350057
30988.61542	10919.63273	-1602.46903	-10007.03328	1486.567801	-9472.677705	5153.484356	3792.953205	-10833.73722	-9165.955566	3795.659715	-12267.09149	-3484.402768	4914.390145	11857.24471	-3641.814777
30988.6238	10231.83838	-1349.27096	-11090.98833	291.8413879	-9885.916208	4815.85793	2572.414473	-10949.41856	-9623.155629	2559.009072	-12593.35845	-3208.04444	4346.006735	12055.78524	-2480.070045
30988.6322	9438.602745	-1057.822337	-12098.25035	-902.8921976	-10211.8371	4374.123743	1324.448478	-10939.29882	-10036.94341	1284.04771	-12791.37083	-2955.049413	3748.273184	12121.86677	-1310.843935
30988.64061	8546.413576	-743.7806968	-13016.2789	-2087.337461	-10437.97912	3841.818119	61.58008961	-10808.75184	-10391.23283	-10.66619665	-12856.47615	-2716.55986	3118.144444	12057.41578	-154.9097191
30988.64902	7563.760294	-423.4103708	-13834.30716	-3251.414066	-10553.79943	3234.425189	-1203.34951	-10565.65733	-10671.00599	-1306.093852	-12786.68877	-2483.296553	2453.137126	11867.03858	967.1137424
30988.65744	6500.954046	-113.1354177	-14543.62503	-4385.490858	-10550.98605	2568.976905	-2457.487096	-10220.20595	-10862.73958	-2583.195507	-12582.77127	-2245.833884	1751.438133	11557.91919	2035.300631
30988.66588	5370.096625	170.8469536	-15137.60276	-5480.343835	-10423.66242	1863.725394	-3687.991484	-9784.667981	-10954.71603	-3823.12479	-12248.22711	-1994.936249	1012.138368	11139.65992	3030.684518
30988.67432	4184.880146	412.9901042	-15611.77585	-6527.258129	-10168.55285	1137.708114	-4882.223726	-9273.08353	-10937.33141	-5007.589124	-11789.22287	-1721.859571	235.3588295	10624.04292	3935.650918
30988.68278	2960.488669	598.7752645	-15963.80758	-7517.983714	-9785.105753	410.3786854	-6027.782	-8700.963672	-10803.34608	-6119.047104	-11214.49045	-1418.675199	-577.5542498	10024.79169	4734.179096
30988.69124	1713.344518	715.1042153	-16193.47725	-8444.804066	-9275.552026	-298.8519868	-7112.669575	-8084.91249	-10548.10305	-7141.031606	-10535.14242	-1078.553094	-1423.938331	9357.24703	5412.166723
30988.69971	460.7788894	750.6537938	-16302.6027	-9300.610365	-8644.858953	-971.0979371	-8125.47809	-7442.191352	-10169.65723	-8058.466909	-9764.388201	-696.004819	-2299.78639	8637.967334	5957.712035
30988.70819	-779.1237717	696.1799402	-16294.89342	-10078.82524	-7900.713455	-1588.36168	-9055.396295	-6790.367013	-9668.895206	-8857.805993	-8917.31764	-267.152938	-3199.614942	7884.41052	6361.254036
30988.71668	-1988.092867	544.7742898	-16175.78696	-10773.58023	-7053.233931	-2134.081618	-9892.51931	-6146.75244	-9049.458661	-9527.412302	-8010.393495	210.1648607	-4116.647167	7114.368291	6615.818677
30988.72518	-3147.837727	292.0488166	-15952.21425	-11379.60432	-6114.829027	-2593.422558	-10627.81212	-5528.067711	-8317.723223	-10057.60037	-7061.164616	736.2144907	-5042.747844	6345.63078	6717.027556
30988.73368	-4240.419225	-63.72599239	-15632.36708	-11892.25179	-5099.915106	-2953.637157	-11253.23097	-4950.017047	-7482.66577	-10440.79571	-6087.841638	1309.290369	-5968.533574	5595.54375	6663.152863
30988.74219	-5248.349443	-521.4178838	-15225.55663	-12307.41589	-4024.880778	-3204.316037	-11761.69746	-4427.030338	-6555.925968	-10671.59682	-5109.123529	1925.522184	-6883.271151	4880.76961	6455.179232
30988.7507	-6155.531507	-1077.227658	-14741.75712	-12621.81031	-2907.161462	-3337.82801	-12147.51316	-3971.592902	-5551.09327	-10747.03781	-4143.226309	2579.217051	-7775.555422	4216.475628	6096.699038
30988.75922	-6947.197947	-1724.647934	-14191.4214	-12832.78304	-1765.182624	-3349.361113	-12406.19027	-3594.145622	-4483.676819	-10666.44953	-3207.789088	3262.752645	-8633.194254	3616.231681	5593.786511
30988.76774	-7610.238127	-2454.530763	-13585.25393	-12938.36316	-617.9954182	-3237.090979	-12534.55136	-3302.811012	-3370.825614	-10431.50893	-2319.485778	3966.677624	-9443.428245	3091.681664	4954.913762
30988.77626	-8133.511525	-3255.144644	-12934.04663	-12937.34385	515.0350175	-3002.336685	-12530.85934	-3103.157974	-2231.091602	-10046.32233	-1493.692392	4679.815167	-10193.14843	2652.261589	4190.912305
30988.78477	-8508.371889	-4112.631426	-12248.25561	-12829.38347	1615.037296	-2649.55809	-12394.95104	-2997.933681	-1083.672769	-9517.323855	-743.8247246	5389.725222	-10869.46909	2304.774004	3314.581353
30988.79328	-8728.914165	-5011.706964	-11537.47654	-12614.90726	2664.476475	-2186.028197	-12128.10501	-2987.031299	52.48608013	-8852.825795	-80.79217851	6083.276062	-11460.24752	2053.164952	2339.97562
30988.80179	-8791.831435	-5935.564867	-10810.62242	-12295.13259	3646.910344	-1621.797064	-11733.04707	-3067.616847	1158.480706	-8063.073378	486.7755055	6746.561042	-11953.96179	1898.693411	1282.538306
30988.81028	-8696.587795	-6866.641223	-10075.47013	-11871.99141	4547.78006	-969.2568544	-11213.81165	-3234.2175	2216.338082	-7159.763748	952.9712831	7365.525204	-12340.23924	1839.827929	158.3728302
30988.81878	-8445.395889	-7786.734308	-9338.771522	-11348.22462	5354.392814	-243.0077793	-10575.80256	-3478.870416	3209.052969	-6156.050873	1314.512873	7926.097806	-12609.94817	1872.38351	-1015.761201
30988.82726	-8043.298848	-8677.420806	-8606.186421	-10727.46795	6056.233886	540.4241923	-9825.826581	-3791.283955	4120.984552	-5066.38745	1570.843668	8414.57866	-12755.52012	1989.593649	-2222.722672
30988.83574	-7498.034609	-9520.737468	-7882.046664	-10014.12911	6645.401278	1363.165921	-8971.862491	-4159.174849	4938.466107	-3906.007589	1724.207382	8818.153463	-12771.25897	2182.311245	-3445.623603
30988.8442	-6819.84196	-10299.56001	-7169.380941	-9213.363403	7116.682838	2206.415726	-8022.94605	-4568.612977	5650.027951	-2690.657269	1779.494545	9125.186329	-12653.46758	2439.29868	-4668.11487
30988.85266	-6021.431199	-10997.81477	-6470.123901	-8331.256619	7467.523712	3050.677631	-6989.29358	-5004.286324	6246.459983	-1436.617831	1744.067084	9325.460756	-12400.62026	2747.471922	-5874.380739
30988.86111	-5117.555945	-11601.08285	-5784.978746	-7374.578338	7698.190795	3876.453686	-5881.912715	-5450.011016	6721.206071	-160.0868349	1627.562757	9410.561201	-12013.43921	3092.318063	-7049.760977
30988.86955	-4124.888511	-12096.76712	-5113.677942	-6350.935252	7811.629683	4664.503654	-4712.6865	-5889.052707	7070.331769	1122.811529	1441.617565	9374.05813	-11494.98282	3458.215259	-8180.715666
30988.87797	-3061.708128	-12474.42127	-4455.096021	-5268.729425	7813.393064	5396.3047	-3494.225664	-6304.558561	7292.623042	2396.299324	1199.568151	9211.742848	-10850.67739	3828.834985	-9255.060521
30988.88639	-1947.415878	-12726.02857	-3807.323427	-4136.968838	7711.46698	6054.553766	-2239.562957	-6680.031447	7389.599275	3645.336853	916.0655936	8921.752609	-10088.18476	4187.605505	-10262.26035
30988.8948	-802.4524608	-12846.09371	-3168.015782	-2965.498521	7516.056837	6623.362433	-962.324489	-6999.636141	7365.394664	4855.498005	606.7623203	8504.724316	-9217.490593	4518.034615	-11193.27023
30988.9032	352.4058556	-12831.82949	-2534.394766	-1764.600658	7239.283962	7088.784702	323.7922221	-7248.695912	7226.650921	6013.51576	287.8316378	7963.748448	-8250.539566	4804.22301	-12040.90146
30988.91159	1496.134993	-12683.16075	-1903.616469	-545.2186378	6894.909377	7438.946995	1604.841902	-7413.961111	6982.316875	7107.113201	-24.36228525	7304.446099	-7201.265022	5031.167782	-12799.59705
30988.91998	2607.933654	-12402.75376	-1272.924013	681.215065	6497.985622	7664.355995	2866.884092	-7483.974854	6643.429136	8125.2344	-313.6962768	6534.892736	-6085.317139	5185.169205	-13465.51085
30988.92835	3667.704881	-11995.9112	-639.7866703	1902.995643	6064.438359	7758.099306	4096.258032	-7449.357228	6222.786587	9058.235717	-564.7162731	5665.412247	-4919.68937	5254.180949	-14036.51707
30988.93672	4656.292551	-11470.45391	-2.154450826	3108.125492	5610.709807	7715.930043	5279.597734	-7303.015904	5734.650165	9897.836553	-762.9836793	4708.465921	-3722.534636	5228.080329	-14512.0432
30988.94508	5555.853538	-10836.52727	641.3903003	4284.471515	5153.347709	7536.339549	6404.019762	-7040.325515	5194.380175	10637.19358	-895.4375315	3678.402833	-2512.811271	5098.923212	-14892.97708
30988.95343	6350.183006	-10106.33822	1291.499383	5419.921071	4708.595051	7220.544448	7457.290303	-6659.229659	4618.043224	11270.92645	-950.7109083	2591.156466	-1309.910472	4861.129667	-15181.52701
30988.96178	7024.862869	-9294.00398	1947.820244	6502.32557	4292.076102	6772.493811	8427.785862	-6160.374204	4022.125013	11795.00631	-919.4053896	1464.126219	-133.5077116	4511.675351	-15381.0142
30988.97013	7567.72638	-8415.009956	2609.088441	7519.971017	3918.29633	6198.652945	9304.924485	-5546.986929	3422.966603	12206.90018	-794.3335372	315.5151498	997.1495603	4050.099309	-15495.76873
30988.97847	7968.829957	-7486.147328	3272.825762	8461.345461	3600.438094	5508.002967	10078.94846	-4825.004055	2836.583872	12505.33881	-570.7207761	-835.6359311	2063.19213	3478.66403	-15530.86937
30988.9868	8220.819387	-6524.783416	3935.571228	9315.691207	3349.901902	4711.588654	10741.37984	-4002.703138	2278.053065	12690.40461	-246.2776103	-1970.289217	3046.932519	2802.133386	-15491.98582
30988.99514	8318.875579	-5548.717538	4592.695811	10072.86077	3176.14532	3822.411934	11284.86335	-3090.697977	1761.328191	12763.32101	178.7025623	-3069.474089	3931.880122	2027.805202	-15385.14044
30989.00347	8260.821107	-4575.745864	5238.471327	10723.5245	3086.430806	2855.117649	11703.30859	-2101.699185	1298.883399	12726.38754	701.325775	-4114.735354	4703.125888	1165.355581	-15216.52598
30989.01181	8047.15223	-3623.276834	5866.135103	11259.31823	3085.640771	1825.681927	11991.97149	-1050.266287	901.4213868	12582.8833	1316.126848	-5088.511319	5347.639862	226.660164	-14992.32493
30989.01417	7958.480442	-3358.875093	6040.024957	11389.49093	3102.020173	1524.359124	12049.78613	-742.5108405	801.6581651	12523.261	1506.473301	-5349.704845	5505.992713	-51.92531696	-14919.36499